2550	4
25.3788	6.38962e-05	25.3788	388.373	1
73.178	-81.4377	6.69189	379.618	1
70.8723	-78.1901	7.03432	380.055	1
68.5164	-74.9445	7.32948	380.601	1
66.0965	-71.7098	7.55672	381.282	1
63.6567	-68.4656	7.76533	382.03	1
61.223	-65.2064	7.97449	382.812	1
58.7527	-61.9365	8.18502	383.657	1
56.2869	-58.6501	8.39621	384.537	1
53.8036	-55.3489	8.6085	385.467	1
51.3132	-52.0319	8.82169	386.442	1
48.8022	-48.6961	9.03668	387.468	1
46.2989	-45.342	9.25806	388.524	1
43.7628	-41.9697	9.48129	389.641	1
41.2244	-38.5767	9.70335	390.801	1
38.595	-35.1728	9.86378	392.108	1
35.8913	-31.7517	9.94884	393.562	1
32.9848	-28.325	9.84475	395.335	1
30.0653	-24.8662	9.73933	397.158	1
27.1077	-21.3744	9.63258	399.049	1
24.8594	-17.8025	10.2987	399.933	1
25.2809	-14.0758	13.7716	396.983	1
25.7566	-10.4018	17.2305	394.051	1
26.2266	-6.78087	20.6636	391.186	1
25.9542	-3.22063	23.2918	389.46	1
25.3074	0.309281	25.5325	388.315	1
24.0029	3.82796	27.0829	388.166	1
22.3654	7.3529	28.3409	388.502	1
20.2099	10.905	29.0682	389.622	1
17.4526	14.5079	29.2598	391.591	1
14.6773	18.1468	29.4522	393.617	1
11.881	21.8245	29.6446	395.703	1
11.1249	25.3584	31.7864	395.007	1
10.8075	28.8383	34.301	393.776	1
10.3814	32.3087	36.7136	392.737	1
9.75692	35.7849	38.9236	392.024	1
9.12362	39.2522	41.1208	391.367	1
8.26551	42.7408	43.1018	391.066	1
7.4818	46.2133	45.1481	390.707	1
6.69683	49.6788	47.2034	390.385	1
6.06121	53.113	49.3631	389.923	1
5.42554	56.5402	51.5219	389.503	1
4.56614	60.0045	53.504	389.412	1
3.38064	63.5407	55.1885	389.812	1
2.05052	67.1148	56.7766	390.43	1
0.562327	70.7347	58.2503	391.292	1
-1.07948	74.411	59.5986	392.401	1
-3.14937	78.2142	60.6412	394.093	1
-5.42235	82.1014	61.532	396.094	1
-7.82757	86.0598	62.3559	398.295	1
-10.4318	90.1101	63.0635	400.783	1
-15.4538	94.9302	61.9772	406.421	1
74.2663	-80.7658	6.72067	378.803	1
71.9247	-77.5511	7.06122	379.27	1
69.5101	-74.3453	7.33744	379.874	1
67.0605	-71.14	7.55973	380.582	1
64.5849	-67.9267	7.76778	381.358	1
62.0941	-64.7006	7.97679	382.182	1
59.5986	-61.4609	8.18654	383.047	1
57.0838	-58.2039	8.39755	383.963	1
54.5628	-54.9319	8.60941	384.923	1
52.0343	-51.6439	8.82218	385.926	1
49.474	-48.3385	9.03652	386.988	1
46.9143	-45.0135	9.25176	388.089	1
44.3378	-41.6688	9.47418	389.236	1
41.7605	-38.3027	9.698	390.423	1
39.1263	-34.9207	9.89859	391.706	1
36.3523	-31.5299	9.96349	393.224	1
33.4133	-28.1282	9.85766	395.022	1
30.4377	-24.6953	9.75055	396.886	1
27.4361	-21.2299	9.64249	398.81	1
24.883	-17.6992	10.0478	400.094	1
25.2979	-13.9928	13.5667	397.116	1
25.7695	-10.3388	17.0851	394.145	1
26.2353	-6.73878	20.5637	391.251	1
25.9691	-3.19924	23.2473	389.481	1
25.3074	0.309281	25.5325	388.315	1
23.9611	3.8066	27.1122	388.175	1
22.3001	7.31046	28.3708	388.527	1
20.0611	10.843	29.088	389.714	1
17.2707	14.4252	29.2842	391.703	1
14.439	18.0448	29.4837	393.764	1
11.5724	21.7039	29.6829	395.895	1
11.065	25.1952	32.0794	394.841	1
10.7363	28.6501	34.6505	393.579	1
10.2562	32.101	37.0453	392.59	1
9.61906	35.5549	39.2886	391.862	1
8.9403	39.0011	41.4992	391.228	1
8.0634	42.4665	43.5191	390.913	1
7.25774	45.9144	45.5996	390.545	1
6.48844	49.3509	47.6991	390.18	1
5.8363	52.7611	49.8984	389.701	1
5.18758	56.1636	52.0877	389.268	1
4.16888	59.6321	53.9791	389.356	1
2.938	63.1483	55.6798	389.777	1
1.48733	66.7217	57.2141	390.521	1
-0.0436306	70.3272	58.7013	391.404	1
-1.88773	74.0224	59.9448	392.737	1
-4.08265	77.8306	60.9386	394.556	1
-6.41771	81.7072	61.8324	396.6	1
-8.96125	85.673	62.6119	398.936	1
-12.4175	89.9444	62.7175	402.489	1
-18.292	94.9934	61.0624	409.176	1
75.3504	-80.0878	6.75009	377.991	1
72.962	-76.9061	7.08906	378.494	1
70.5095	-73.7372	7.3458	379.143	1
68.0008	-70.5672	7.56346	379.898	1
65.4896	-67.3849	7.77094	380.702	1
62.9625	-64.1892	7.97942	381.553	1
60.4304	-60.9795	8.18867	382.447	1
57.8787	-57.7526	8.39918	383.392	1
55.3105	-54.5124	8.61071	384.386	1
52.7322	-51.2532	8.82336	385.425	1
50.1433	-47.9746	9.03716	386.509	1
47.5342	-44.6795	9.2522	387.646	1
44.9128	-41.3636	9.46851	388.83	1
42.2948	-38.0251	9.69184	390.047	1
39.6295	-34.6674	9.91654	391.335	1
36.8229	-31.3037	9.97763	392.88	1
33.8174	-27.9298	9.86978	394.726	1
30.7979	-24.523	9.76137	396.623	1
27.7499	-21.0834	9.65015	398.582	1
24.9069	-17.5938	9.79702	400.254	1
25.3152	-13.9082	13.3619	397.249	1
25.7824	-10.2751	16.9394	394.239	1
26.244	-6.69578	20.4642	391.315	1
25.9816	-3.17747	23.2121	389.497	1
25.3074	0.309281	25.5325	388.315	1
23.933	3.78485	27.1315	388.181	1
22.2348	7.26725	28.4007	388.552	1
19.9339	10.7794	29.1053	389.791	1
17.0776	14.3414	29.31	391.821	1
14.2113	17.9409	29.5141	393.903	1
11.3108	21.5783	29.7421	396.038	1
11.0032	25.0296	32.3823	394.671	1
10.6687	28.4598	34.9798	393.393	1
10.1307	31.8913	37.3774	392.444	1
9.47829	35.32	39.6613	391.697	1
8.75704	38.7458	41.8773	391.09	1
7.93162	42.1776	43.9856	390.674	1
7.0413	45.6115	46.035	390.389	1
6.27964	49.0201	48.1955	389.975	1
5.61439	52.4055	50.4254	389.483	1
4.91906	55.7871	52.6269	389.074	1
3.77148	59.2534	54.4537	389.301	1
2.46605	62.7579	56.137	389.787	1
0.922334	66.3241	57.6528	390.613	1
-0.661243	69.9116	59.1412	391.533	1
-2.7331	73.6369	60.2418	393.133	1
-4.9992	77.4358	61.23	395.009	1
-7.47565	81.319	62.0873	397.186	1
-10.0823	85.2778	62.8625	399.572	1
-14.6561	89.8348	62.1902	404.515	1
299.22	0.230716	299.418	1.00001	-1
76.4104	-79.4066	6.78043	377.194	1
73.9745	-76.266	7.0868	377.759	1
71.4852	-73.126	7.35505	378.428	1
68.938	-69.9887	7.56752	379.216	1
66.3912	-66.8373	7.77443	380.047	1
63.8284	-63.6724	7.98236	380.927	1
61.2486	-60.4932	8.19135	381.856	1
58.662	-57.2986	8.40121	382.828	1
56.0545	-54.0855	8.61244	383.851	1
53.4384	-50.8557	8.82464	384.918	1
50.8127	-47.6081	9.0379	386.031	1
48.153	-44.3416	9.25285	387.204	1
45.4919	-41.0538	9.46882	388.418	1
42.8062	-37.7453	9.68633	389.686	1
40.1233	-34.4131	9.91175	390.988	1
37.2692	-31.0759	9.99099	392.554	1
34.2446	-27.7274	9.88263	394.415	1
31.1576	-24.3481	9.77217	396.36	1
28.0608	-20.9349	9.65517	398.358	1
24.9308	-17.4856	9.55884	400.406	1
25.3328	-13.8218	13.1571	397.381	1
25.7956	-10.2095	16.7943	394.332	1
26.2527	-6.65197	20.3764	391.371	1
25.9941	-3.15525	23.1769	389.513	1
25.3074	0.309281	25.5325	388.315	1
23.9049	3.76269	27.1509	388.187	1
22.1532	7.22338	28.4383	388.583	1
19.785	10.715	29.1251	389.883	1
16.8951	14.2562	29.3345	391.933	1
13.9727	17.8349	29.5458	394.05	1
11.2661	21.4339	30.0044	395.884	1
10.9432	24.8613	32.6746	394.506	1
10.6011	28.2666	35.3087	393.208	1
10.0055	31.6771	37.7083	392.297	1
9.33751	35.0817	40.0335	391.533	1
8.57779	38.4861	42.2466	390.954	1
7.73025	41.8945	44.3906	390.529	1
6.82494	45.3039	46.4699	390.233	1
6.07424	48.6837	48.6822	389.773	1
5.39291	52.0425	50.9501	389.265	1
4.55336	55.4255	53.0623	389.023	1
3.37849	58.8699	54.9101	389.255	1
1.94246	62.3738	56.5425	389.872	1
0.371245	65.916	58.0793	390.702	1
-1.27312	69.4895	59.5767	391.66	1
-3.58061	73.2425	60.5391	393.532	1
-5.92662	77.0308	61.5247	395.468	1
-8.51654	80.9186	62.3369	397.761	1
-11.6599	84.9922	62.7661	400.794	1
-17.4253	89.8615	61.2661	407.22	1
299.219	0.229247	299.419	0.999988	-1
77.4666	-78.7195	6.8114	376.401	1
74.9815	-75.6167	7.09744	377.019	1
72.4576	-72.5089	7.36477	377.715	1
69.872	-69.4043	7.57193	378.537	1
67.2901	-66.2842	7.77825	379.396	1
64.6824	-63.1528	7.98571	380.309	1
62.0664	-60.0039	8.19418	381.266	1
59.4413	-56.8372	8.40368	382.266	1
56.7984	-53.6562	8.61429	383.317	1
54.1446	-50.4557	8.82604	384.412	1
51.469	-47.2371	9.03917	385.561	1
48.7705	-43.9993	9.25373	386.763	1
46.0698	-40.7399	9.46934	388.006	1
43.3442	-37.4596	9.68652	389.304	1
40.6053	-34.157	9.90674	390.649	1
37.7259	-30.8436	10.0047	392.22	1
34.6475	-27.5234	9.89469	394.12	1
31.5127	-24.1712	9.77849	396.104	1
28.3714	-20.7842	9.66016	398.135	1
25.1746	-17.3622	9.54008	400.247	1
25.3501	-13.7334	12.9768	397.496	1
25.809	-10.1433	16.6488	394.426	1
26.2616	-6.60765	20.2768	391.435	1
26.0071	-3.13278	23.1423	389.528	1
25.3074	0.309281	25.5325	388.315	1
23.8768	3.74014	27.1702	388.193	1
22.0878	7.17855	28.4682	388.608	1
19.6577	10.6491	29.1425	389.96	1
16.713	14.1687	29.3591	392.044	1
13.7341	17.7269	29.5776	394.196	1
11.2214	21.2877	30.2664	395.73	1
10.8832	24.6905	32.9665	394.341	1
10.5298	28.0698	35.6568	393.012	1
9.87992	31.4609	38.0398	392.151	1
9.20277	34.8402	40.3882	391.376	1
8.39818	38.224	42.6166	390.818	1
7.53297	41.6065	44.7868	390.387	1
6.60867	44.9917	46.9044	390.077	1
5.86883	48.3424	49.1682	389.573	1
5.17442	51.6757	51.4665	389.052	1
4.17718	55.0577	53.5106	388.972	1
2.96332	58.4821	55.3697	389.224	1
1.41237	61.9816	56.9527	389.959	1
-0.18169	65.5034	58.507	390.792	1
-2.05702	69.1014	59.8546	392.025	1
-4.43021	72.8394	60.8366	393.932	1
-6.91604	76.6345	61.7642	396.013	1
-9.56642	80.5096	62.5827	398.347	1
-13.7894	84.8457	62.2491	402.726	1
-20.2784	89.8883	60.2917	410.022	1
299.217	0.227752	299.421	1.00001	-1
78.5189	-78.0264	6.84298	375.61	1
75.9738	-74.9615	7.10889	376.287	1
73.4129	-71.8869	7.37187	377.015	1
70.8031	-68.8145	7.57666	377.86	1
68.1658	-65.7283	7.78275	378.759	1
65.5319	-62.6253	7.98953	379.694	1
62.8799	-59.5071	8.19745	380.678	1
60.2089	-56.3729	8.40657	381.712	1
57.5291	-53.2219	8.61668	382.791	1
54.8262	-50.0511	8.82825	383.922	1
52.1125	-46.8618	9.04095	385.099	1
49.3869	-43.6531	9.25482	386.323	1
46.6352	-40.4222	9.47035	387.602	1
43.8593	-37.1717	9.68737	388.936	1
41.0782	-33.8974	9.90561	390.313	1
38.1829	-30.6097	10.0183	391.886	1
35.0457	-27.3171	9.9024	393.832	1
31.8668	-23.9919	9.78407	395.849	1
28.6576	-20.6324	9.66457	397.928	1
25.4282	-17.2364	9.54412	400.064	1
25.3681	-13.644	12.7724	397.629	1
25.8222	-10.0756	16.5157	394.51	1
26.2708	-6.56229	20.1775	391.499	1
26.0213	-3.1098	23.1087	389.542	1
25.3074	0.309281	25.5325	388.315	1
23.8486	3.71724	27.1895	388.2	1
22.0225	7.13311	28.4981	388.633	1
19.5088	10.5824	29.1624	390.052	1
16.5304	14.0803	29.3838	392.156	1
13.5067	17.6162	29.6082	394.336	1
11.1796	21.1395	30.5075	395.589	1
10.8232	24.5171	33.2582	394.177	1
10.4493	27.8721	35.9732	392.844	1
9.75754	31.2411	38.3619	392.009	1
9.06514	34.5942	40.7505	391.216	1
8.21512	37.9568	42.9937	390.681	1
7.33173	41.3148	45.1911	390.243	1
6.39248	44.6748	47.3385	389.922	1
5.66342	47.9962	49.6535	389.373	1
4.95593	51.3039	51.9822	388.839	1
3.8111	54.6844	53.9454	388.923	1
2.51418	58.097	55.7796	389.251	1
0.894949	61.5822	57.3521	390.044	1
-0.735172	65.081	58.9323	390.885	1
-2.86143	68.7068	60.1394	392.401	1
-5.26878	72.4246	61.1447	394.317	1
-7.90175	76.23	62	396.558	1
-10.6197	80.0907	62.8289	398.935	1
-16.1585	84.7501	61.5525	404.964	1
299.217	0.217767	299.417	0.999981	-1
299.215	0.226233	299.423	1.00001	-1
79.4787	-77.3544	6.78406	374.952	1
76.9651	-74.3034	7.12054	375.558	1
74.3661	-71.2623	7.37767	376.32	1
71.7108	-68.2216	7.5821	377.198	1
69.0388	-65.1669	7.78757	378.124	1
66.3696	-62.095	7.99377	379.087	1
63.6819	-59.0076	8.20114	380.098	1
60.9746	-55.9039	8.40972	381.16	1
58.258	-52.7831	8.61932	382.267	1
55.5177	-49.6419	8.83044	383.426	1
52.7563	-46.4841	9.04283	384.638	1
49.9805	-43.3045	9.25657	385.897	1
47.2011	-40.1024	9.47144	387.198	1
44.3955	-36.8788	9.68793	388.555	1
41.5619	-33.6327	9.90576	389.969	1
38.6219	-30.3734	10.0261	391.569	1
35.442	-27.1083	9.90853	393.547	1
32.2203	-23.8101	9.7896	395.594	1
28.9674	-20.4774	9.66949	397.706	1
25.6809	-17.1081	9.5481	399.882	1
25.386	-13.5522	12.5923	397.743	1
25.836	-10.0064	16.3708	394.603	1
26.2797	-6.51617	20.09	391.554	1
26.0384	-3.0866	23.0662	389.56	1
25.3074	0.309281	25.5325	388.315	1
23.8205	3.69398	27.2087	388.206	1
21.9489	7.08703	28.5319	388.661	1
19.3814	10.5141	29.1799	390.129	1
16.3483	13.9896	29.4086	392.267	1
13.2785	17.5043	29.6389	394.475	1
11.1341	20.9891	30.7683	395.436	1
10.7631	24.3412	33.5495	394.013	1
10.3394	27.6745	36.2625	392.717	1
9.63225	31.0171	38.6917	391.864	1
8.92721	34.3462	41.1135	391.057	1
8.03958	37.6863	43.3547	390.548	1
7.1381	41.0194	45.5792	390.103	1
6.18595	44.3537	47.7584	389.769	1
5.4614	47.6447	50.1291	389.177	1
4.68519	50.9379	52.4432	388.703	1
3.44951	54.3064	54.3739	388.875	1
2.00766	57.7165	56.1427	389.355	1
0.351421	61.1812	57.7307	390.163	1
-1.32008	64.6607	59.3234	391.024	1
-3.73854	68.3226	60.3471	392.885	1
-6.15776	72.0154	61.3941	394.78	1
-8.87881	75.8133	62.2331	397.098	1
-12.5816	79.8968	62.3661	400.7	1
-18.8476	84.7189	60.6373	407.597	1
299.216	0.216281	299.419	1	-1
299.214	0.224689	299.424	0.999989	-1
80.5625	-76.6358	6.88016	374.092	1
77.9418	-73.6395	7.13298	374.838	1
75.305	-70.6321	7.38408	375.634	1
72.6156	-67.6232	7.58786	376.539	1
69.9091	-64.6001	7.79271	377.492	1
67.2049	-61.5594	7.99831	378.481	1
64.4724	-58.5053	8.20522	379.526	1
61.729	-55.4322	8.41327	380.616	1
58.9738	-52.3395	8.62251	381.751	1
56.1981	-49.2305	8.83299	382.938	1
53.397	-46.1002	9.04507	384.178	1
50.5944	-42.95	9.2581	385.459	1
47.7542	-39.7787	9.47293	386.803	1
44.9073	-36.584	9.68739	388.191	1
42.0308	-33.3667	9.90205	389.639	1
39.0526	-30.1349	10.0252	391.263	1
35.8376	-26.8967	9.91461	393.262	1
32.5733	-23.6259	9.79509	395.341	1
29.2769	-20.3204	9.67436	397.483	1
25.9458	-16.9779	9.55233	399.692	1
25.4045	-13.4596	12.3881	397.875	1
25.8501	-9.93678	16.226	394.696	1
26.2888	-6.46923	20.0026	391.61	1
26.0526	-3.06294	23.0328	389.573	1
25.3074	0.309281	25.5325	388.315	1
23.7923	3.67036	27.228	388.212	1
21.8754	7.03987	28.5655	388.69	1
19.2431	10.4451	29.1987	390.214	1
16.1654	13.8981	29.4332	392.379	1
13.0509	17.3896	29.6696	394.615	1
11.0817	20.8366	31.0225	395.293	1
10.7048	24.1627	33.8301	393.855	1
10.2326	27.4736	36.5424	392.594	1
9.51273	30.7919	39.005	391.726	1
8.79243	34.0941	41.4669	390.901	1
7.8641	37.4119	43.7154	390.416	1
6.94051	40.7204	45.9755	389.962	1
5.99703	44.0236	48.203	389.586	1
5.25894	47.2904	50.6055	388.981	1
4.34589	50.5764	52.8446	388.658	1
3.08861	53.9205	54.8007	388.827	1
1.50228	57.3315	56.4855	389.47	1
-0.198291	60.7745	58.1047	390.289	1
-2.15418	64.2855	59.5167	391.487	1
-4.62772	67.9322	60.5476	393.383	1
-7.09967	71.6091	61.6045	395.311	1
-9.85965	75.3875	62.466	397.641	1
-14.6488	79.7143	61.8326	402.594	1
299.216	0.206398	299.414	0.999994	-1
299.214	0.214771	299.42	1	-1
299.212	0.223121	299.426	0.999988	-1
81.5641	-75.9312	6.90258	373.344	1
78.9034	-72.97	7.14542	374.129	1
76.2208	-69.9989	7.39118	374.963	1
73.4974	-67.0219	7.59431	375.894	1
70.7767	-64.028	7.79815	376.862	1
68.0173	-61.0211	8.00353	377.891	1
65.2587	-57.9957	8.20975	378.957	1
62.4793	-54.9533	8.41724	380.074	1
59.6782	-51.8932	8.62609	381.243	1
56.8654	-48.8144	8.83607	382.457	1
54.0372	-45.7142	9.04635	383.721	1
51.1836	-42.5937	9.25789	385.039	1
48.3034	-39.4517	9.47108	386.413	1
45.4169	-36.286	9.68537	387.83	1
42.4972	-33.0976	9.89651	389.311	1
39.4587	-29.8949	10.0112	390.985	1
36.2092	-26.6836	9.92013	392.994	1
32.9145	-23.4404	9.80029	395.095	1
29.562	-20.1622	9.67866	397.278	1
26.1862	-16.8468	9.55599	399.519	1
25.4228	-13.3647	12.2083	397.989	1
25.8646	-9.86547	16.0938	394.779	1
26.2983	-6.4218	19.9034	391.673	1
26.0698	-3.03889	22.9905	389.591	1
25.3074	0.309281	25.5325	388.315	1
23.7504	3.64635	27.2573	388.221	1
21.81	6.99213	28.5954	388.715	1
19.1051	10.3746	29.2175	390.298	1
15.983	13.8044	29.4579	392.491	1
12.8226	17.2739	29.7005	394.754	1
11.0329	20.6828	31.2565	395.162	1
10.6446	23.9819	34.1208	393.692	1
10.1255	27.2711	36.8229	392.471	1
9.3903	30.5626	39.326	391.585	1
8.65765	33.8387	41.82	390.746	1
7.73541	37.1277	44.1167	390.222	1
6.74698	40.4166	46.3629	389.824	1
5.80768	43.6909	48.6483	389.404	1
5.05986	46.9307	51.0723	388.789	1
4.00557	50.2116	53.247	388.614	1
2.6892	53.5378	55.1858	388.837	1
0.98244	56.9405	56.8387	389.591	1
-0.735012	60.3606	58.4683	390.413	1
-2.98199	63.9038	59.7077	391.947	1
-5.49368	67.5304	60.7471	393.864	1
-8.03362	71.1915	61.8115	395.837	1
-11.0043	74.9911	62.5766	398.393	1
-17.0014	79.5882	61.0937	404.846	1
299.215	0.204925	299.416	1.00001	-1
299.212	0.213238	299.422	1	-1
299.21	0.221528	299.428	1.00001	-1
82.5647	-75.2239	6.9251	372.598	1
79.8707	-72.2957	7.1666	373.41	1
77.1535	-69.3577	7.39824	374.282	1
74.3966	-66.4129	7.6007	375.24	1
71.6217	-63.4532	7.80427	376.246	1
68.8387	-60.4778	8.00869	377.296	1
66.0327	-57.4837	8.21359	378.397	1
63.2168	-54.4724	8.41948	379.543	1
60.3784	-51.443	8.62678	380.74	1
57.5278	-48.3946	8.83521	381.984	1
54.662	-45.3245	9.04499	383.275	1
51.7705	-42.2336	9.25636	384.621	1
48.8516	-39.1211	9.46942	386.023	1
45.9123	-35.9864	9.67999	387.481	1
42.9527	-32.8266	9.89141	388.991	1
39.8601	-29.6538	9.99118	390.714	1
36.6037	-26.4668	9.92611	392.71	1
33.2543	-23.2516	9.80542	394.85	1
29.8708	-20.001	9.68346	397.056	1
26.4389	-16.7138	9.5599	399.338	1
25.4413	-13.2683	12.0287	398.103	1
25.8795	-9.79295	15.95	394.87	1
26.3076	-6.37339	19.8161	391.728	1
26.0841	-3.01447	22.9572	389.605	1
25.3074	0.309281	25.5325	388.315	1
23.7222	3.622	27.2765	388.228	1
21.7446	6.94365	28.6253	388.74	1
18.9777	10.3029	29.2351	390.376	1
15.8112	13.7092	29.4815	392.596	1
12.5948	17.1553	29.7314	394.894	1
10.9804	20.5261	31.5102	395.02	1
10.588	23.7995	34.3914	393.54	1
10.0155	27.0648	37.1114	392.344	1
9.27102	30.3298	39.6377	391.448	1
8.52036	33.5814	42.1481	390.609	1
7.55692	36.846	44.4739	390.095	1
6.55754	40.108	46.7416	389.688	1
5.62511	43.3528	49.0752	389.229	1
4.86077	46.5663	51.5385	388.598	1
3.67061	49.8406	53.6419	388.571	1
2.23353	53.1594	55.5248	388.92	1
0.475659	56.5428	57.1813	389.709	1
-1.27248	59.94	58.8318	390.538	1
-3.80134	63.5117	59.8953	392.402	1
-6.37362	67.123	60.9499	394.354	1
-8.97311	70.7686	62.0195	396.368	1
-12.9199	74.771	62.0831	400.143	1
-19.4476	79.4716	60.2745	407.223	1
299.213	0.20343	299.417	0.999993	-1
299.211	0.211682	299.423	1	-1
299.209	0.219911	299.429	0.999987	-1
83.5635	-74.5064	6.96585	371.84	1
80.8109	-71.6163	7.18672	372.71	1
78.0605	-68.7144	7.40249	373.62	1
75.2696	-65.8019	7.60354	374.606	1
72.4601	-62.8742	7.80575	375.64	1
69.6422	-59.9305	8.00887	376.716	1
66.8013	-56.9676	8.21345	377.844	1
63.95	-53.9873	8.41905	379.017	1
61.0757	-50.9886	8.62608	380.241	1
58.1885	-47.9706	8.83428	381.512	1
55.2742	-44.9305	9.04416	382.838	1
52.3447	-41.8696	9.25536	384.212	1
49.3958	-38.7872	9.46441	385.639	1
46.4056	-35.6818	9.67486	387.133	1
43.4063	-32.5511	9.88652	388.672	1
40.2712	-29.4085	9.97072	390.437	1
36.9742	-26.2484	9.93152	392.443	1
33.5946	-23.0612	9.81053	394.606	1
30.1552	-19.8386	9.68769	396.851	1
26.6905	-16.5784	9.56376	399.157	1
25.4606	-13.1708	11.8247	398.234	1
25.8942	-9.71932	15.8181	394.953	1
26.3173	-6.32424	19.7173	391.792	1
26.0985	-2.98961	22.9238	389.618	1
25.3074	0.309281	25.5325	388.315	1
23.694	3.59722	27.2958	388.234	1
21.6791	6.89438	28.6552	388.765	1
18.8503	10.2301	29.2527	390.453	1
15.6281	13.6131	29.5063	392.708	1
12.3663	17.0355	29.7624	395.034	1
10.9315	20.368	31.7437	394.888	1
10.5277	23.6138	34.6814	393.377	1
9.91153	26.8565	37.3823	392.225	1
9.15141	30.095	39.95	391.311	1
8.35981	33.322	42.4777	390.49	1
7.38249	36.56	44.8225	389.971	1
6.36411	39.7959	47.1284	389.551	1
5.44209	43.0121	49.5029	389.054	1
4.65945	46.1976	52.0021	388.411	1
3.34102	49.4633	54.0291	388.529	1
1.75656	52.7788	55.8466	389.032	1
-0.0318098	56.1388	57.5238	389.827	1
-2.02315	59.5547	59.0258	390.939	1
-4.62322	63.112	60.0829	392.86	1
-7.24517	66.7044	61.1493	394.84	1
-9.89919	70.333	62.2281	396.888	1
-14.8602	74.5427	61.5796	401.918	1
299.214	0.1937	299.413	1	-1
299.212	0.201912	299.419	0.999993	-1
299.209	0.210103	299.425	1	-1
299.207	0.21827	299.431	0.999987	-1
84.5166	-73.7941	6.96519	371.144	1
81.7444	-70.9362	7.1988	372.021	1
78.9428	-68.069	7.40455	372.977	1
76.1186	-65.1886	7.6052	373.988	1
73.2867	-62.2928	7.80672	375.042	1
70.4322	-59.3782	8.00965	376.146	1
67.5589	-56.449	8.21374	377.299	1
64.6722	-53.4997	8.41904	378.498	1
61.762	-50.5317	8.6258	379.75	1
58.8364	-47.5423	8.83388	381.048	1
55.8868	-44.5344	9.04342	382.401	1
52.9163	-41.504	9.25066	383.807	1
49.9172	-38.4512	9.4595	385.271	1
46.9095	-35.3739	9.6695	386.779	1
43.8563	-32.2743	9.8768	388.359	1
40.6591	-29.1616	9.9502	390.176	1
37.3676	-26.0264	9.93741	392.16	1
33.9221	-22.8687	9.81533	394.37	1
30.4394	-19.6742	9.69189	396.647	1
26.9302	-16.442	9.56733	398.984	1
25.4796	-13.0714	11.6454	398.347	1
25.9095	-9.64488	15.674	395.044	1
26.3268	-6.27435	19.6303	391.846	1
26.1129	-2.96442	22.8905	389.631	1
25.3074	0.309281	25.5325	388.315	1
23.6657	3.57213	27.315	388.24	1
21.6136	6.84447	28.6851	388.79	1
18.7229	10.1562	29.2704	390.531	1
15.4562	13.5149	29.53	392.813	1
12.149	16.9133	29.7922	395.166	1
10.8826	20.2079	31.977	394.758	1
10.471	23.4264	34.9515	393.226	1
9.80146	26.6447	37.6702	392.1	1
9.03209	29.8561	40.2609	391.175	1
8.20677	33.0597	42.7912	390.375	1
7.20761	36.2718	45.1719	389.847	1
6.17424	39.4809	47.5076	389.416	1
5.25606	42.6657	49.9376	388.877	1
4.3513	45.8409	52.3638	388.373	1
2.96492	49.0885	54.3896	388.541	1
1.27897	52.3921	56.1684	389.144	1
-0.52622	55.7281	57.8559	389.943	1
-2.7985	59.1662	59.2016	391.371	1
-5.43651	62.7022	60.2671	393.313	1
-8.1083	66.2758	61.3455	395.322	1
-10.9334	69.9153	62.3352	397.558	1
-17.0535	74.3595	60.8814	404.017	1
299.213	0.192223	299.414	1	-1
299.21	0.200373	299.42	1.00001	-1
299.208	0.208501	299.426	1	-1
299.206	0.216606	299.433	1.00001	-1
85.4708	-73.0747	6.98228	370.435	1
82.6686	-70.2492	7.20666	371.343	1
79.8223	-67.4183	7.40692	372.336	1
76.9848	-64.5677	7.6067	373.361	1
74.1084	-61.7038	7.80814	374.447	1
71.2224	-58.8234	8.01053	375.576	1
68.3123	-55.9233	8.21444	376.757	1
65.3905	-53.0053	8.41942	377.982	1
62.4447	-50.0683	8.62588	379.26	1
59.4838	-47.1118	8.83236	380.587	1
56.4925	-44.1331	9.03826	381.972	1
53.4749	-41.1345	9.24574	383.412	1
50.4376	-38.1117	9.45474	384.903	1
47.3912	-35.064	9.66495	386.439	1
44.2854	-31.9953	9.84597	388.076	1
41.0527	-28.9109	9.92467	389.914	1
37.7269	-25.8038	9.93156	391.909	1
34.2606	-22.6729	9.82033	394.127	1
30.7471	-19.507	9.69658	396.426	1
27.1697	-16.3038	9.57087	398.812	1
25.4988	-12.9703	11.4661	398.461	1
25.9245	-9.56908	15.5423	395.127	1
26.3364	-6.2237	19.5433	391.901	1
26.1273	-2.93896	22.8573	389.645	1
25.3074	0.309281	25.5325	388.315	1
23.6375	3.54662	27.3342	388.247	1
21.5481	6.79377	28.715	388.815	1
18.5955	10.0812	29.2881	390.609	1
15.2737	13.4152	29.5549	392.924	1
11.9317	16.7891	29.8221	395.299	1
10.8319	20.0449	32.2197	394.622	1
10.4143	23.2367	35.2212	393.075	1
9.69745	26.4308	37.9406	391.981	1
8.91562	29.6149	40.5635	391.043	1
8.04631	32.7934	43.1203	390.256	1
7.03326	35.9782	45.5199	389.723	1
5.98496	39.1601	47.8853	389.282	1
5.07637	42.3159	50.3553	388.707	1
4.04768	45.4803	52.7193	388.335	1
2.5835	48.7111	54.7242	388.574	1
0.814485	51.9993	56.4796	389.253	1
-1.02749	55.3101	58.1924	390.061	1
-3.55618	58.7691	59.3718	391.793	1
-6.25445	62.2875	60.4522	393.77	1
-8.96517	65.8396	61.5392	395.8	1
-12.868	69.6855	61.781	399.363	1
-19.6473	74.2568	59.8953	406.619	1
299.211	0.190725	299.416	1	-1
299.209	0.198811	299.422	1.00001	-1
299.206	0.206876	299.428	1	-1
299.204	0.214917	299.434	1.00001	-1
86.4177	-72.3513	6.99425	369.736	1
83.5783	-69.5605	7.21083	370.678	1
80.699	-66.7624	7.40959	371.698	1
77.8202	-63.9465	7.60908	372.754	1
74.919	-61.1122	7.80997	373.86	1
71.9992	-58.2636	8.012	375.015	1
69.0547	-55.3951	8.21555	376.221	1
66.098	-52.5084	8.42019	377.473	1
63.114	-49.6031	8.62319	378.782	1
60.1152	-46.6778	8.8274	380.138	1
57.0873	-43.7296	9.03339	381.55	1
54.0325	-40.7613	9.24099	383.017	1
50.9785	-37.7671	9.4495	384.523	1
47.8721	-34.7507	9.66053	386.1	1
44.704	-31.7145	9.81557	387.8	1
41.4355	-28.6587	9.89974	389.66	1
38.0804	-25.5792	9.91983	391.667	1
34.5873	-22.4756	9.82504	393.892	1
31.0306	-19.3386	9.70071	396.222	1
27.4214	-16.164	9.57467	398.632	1
25.5183	-12.8677	11.287	398.574	1
25.9398	-9.49212	15.4107	395.209	1
26.3462	-6.17232	19.4564	391.956	1
26.1418	-2.91309	22.824	389.658	1
25.3074	0.309281	25.5325	388.315	1
23.6093	3.52082	27.3534	388.253	1
21.4826	6.74238	28.7448	388.84	1
18.4681	10.0051	29.3059	390.686	1
15.1017	13.314	29.5787	393.029	1
11.7115	16.6633	29.8494	395.436	1
10.781	19.8808	32.4629	394.486	1
10.3575	23.0445	35.4907	392.924	1
9.5934	26.214	38.2107	391.863	1
8.79595	29.3711	40.8749	390.907	1
7.89335	32.5243	43.4334	390.142	1
6.86246	35.682	45.8603	389.602	1
5.7992	38.8364	48.2554	389.15	1
4.89665	41.9618	50.7724	388.537	1
3.73836	45.1158	53.0817	388.298	1
2.2017	48.3284	55.0585	388.608	1
0.349363	51.6008	56.7908	389.363	1
-1.61168	54.9032	58.4653	390.286	1
-4.31608	58.3649	59.5419	392.218	1
-7.06375	61.8631	60.6339	394.222	1
-9.82475	65.3951	61.7328	396.282	1
-14.7491	69.433	61.2421	401.115	1
299.213	0.181165	299.411	0.999989	-1
299.21	0.189207	299.417	1	-1
299.207	0.197228	299.423	1.00001	-1
299.205	0.205228	299.429	1	-1
299.202	0.213205	299.436	1.00001	-1
87.3511	-71.6261	7.00375	369.048	1
84.476	-68.8694	7.21437	370.023	1
81.5729	-66.1013	7.41255	371.062	1
78.6505	-63.3178	7.61192	372.15	1
75.7186	-60.5181	7.81223	373.28	1
72.7625	-57.699	8.01383	374.462	1
69.7928	-54.8629	8.21386	375.692	1
66.7899	-52.0102	8.41557	376.979	1
63.7799	-49.134	8.61837	378.309	1
60.7453	-46.2396	8.82263	379.691	1
57.6714	-43.3238	9.02895	381.135	1
54.589	-40.3843	9.23641	382.624	1
51.4874	-37.4219	9.44533	384.163	1
48.3523	-34.4341	9.65627	385.761	1
45.1218	-31.4307	9.78508	387.525	1
41.8178	-28.4036	9.87479	389.407	1
38.4335	-25.352	9.90804	391.424	1
34.9136	-22.2763	9.82971	393.657	1
31.3138	-19.1682	9.7048	396.019	1
27.6604	-16.0225	9.57815	398.46	1
25.538	-12.7637	11.108	398.686	1
25.9552	-9.4138	15.2791	395.291	1
26.356	-6.12023	19.3696	392.01	1
26.1563	-2.88684	22.7909	389.671	1
25.3074	0.309281	25.5325	388.315	1
23.581	3.49465	27.3726	388.259	1
21.417	6.69029	28.7747	388.866	1
18.3406	9.92789	29.3237	390.764	1
14.9297	13.2112	29.6025	393.134	1
11.4908	16.5354	29.8764	395.573	1
10.732	19.7144	32.6955	394.356	1
10.3007	22.8501	35.7598	392.773	1
9.48933	25.9948	38.4806	391.746	1
8.67942	29.124	41.1769	390.775	1
7.74041	32.2517	43.7462	390.028	1
6.69169	35.3821	46.2004	389.482	1
5.61349	38.5087	48.6253	389.019	1
4.71689	41.6034	51.189	388.368	1
3.42825	44.7465	53.4197	388.277	1
1.77622	47.9474	55.3571	388.699	1
-0.116366	51.1964	57.1019	389.475	1
-2.30527	54.5115	58.6184	390.673	1
-5.07821	57.9538	59.712	392.645	1
-7.86428	61.4289	60.8123	394.67	1
-10.6893	64.9427	61.9247	396.769	1
-16.6438	69.1727	60.7037	402.878	1
299.211	0.179691	299.412	1.00001	-1
299.208	0.187668	299.418	0.999998	-1
299.206	0.195624	299.425	0.999991	-1
299.203	0.203558	299.431	0.999999	-1
299.201	0.21147	299.437	1	-1
88.2702	-70.8955	7.01393	368.37	1
85.3597	-68.173	7.21853	369.376	1
82.4247	-65.4376	7.41625	370.441	1
79.4795	-62.6869	7.61309	371.549	1
76.5102	-59.9175	7.81069	372.709	1
73.5213	-57.1332	8.00946	373.919	1
70.5065	-54.3286	8.20982	375.18	1
67.4893	-51.5054	8.41094	376.481	1
64.4351	-48.6625	8.61398	377.842	1
61.3535	-45.799	8.81866	379.258	1
58.2639	-42.9124	9.02444	380.716	1
55.1446	-40.0037	9.23199	382.231	1
51.9939	-37.0717	9.44142	383.804	1
48.8317	-34.1143	9.65214	385.423	1
45.5289	-31.1449	9.755	387.257	1
42.1896	-28.1468	9.85041	389.16	1
38.786	-25.1224	9.8962	391.183	1
35.2394	-22.0746	9.83434	393.423	1
31.5843	-18.9959	9.70858	395.824	1
27.8867	-15.8793	9.58132	398.297	1
25.558	-12.658	10.9291	398.799	1
25.9708	-9.33465	15.1477	395.373	1
26.366	-6.06735	19.2829	392.064	1
26.1708	-2.86028	22.7577	389.684	1
25.3074	0.309281	25.5325	388.315	1
23.5527	3.46807	27.3918	388.266	1
21.3515	6.63746	28.8046	388.891	1
18.2132	9.8496	29.3415	390.841	1
14.7576	13.1072	29.6264	393.239	1
11.2699	16.4057	29.9035	395.71	1
10.6865	19.5467	32.9081	394.237	1
10.214	22.6558	36.0015	392.663	1
9.38522	25.7726	38.7503	391.628	1
8.56605	28.8734	41.4695	390.647	1
7.61925	31.9724	44.0747	389.88	1
6.52446	35.0796	46.5331	389.364	1
5.4313	38.1781	48.9876	388.89	1
4.5371	41.2409	51.605	388.2	1
3.07706	44.3804	53.7256	388.309	1
1.34663	47.5634	55.6429	388.801	1
-0.58269	50.7863	57.4128	389.587	1
-3.02067	54.1144	58.7769	391.073	1
-5.83146	57.5335	59.8787	393.066	1
-8.66953	60.9899	60.9915	395.122	1
-12.4487	64.6702	61.4141	398.409	1
-18.632	68.9164	60.0996	404.757	1
299.21	0.178198	299.413	1.00001	-1
299.207	0.186108	299.42	0.999997	-1
299.204	0.193998	299.426	0.99999	-1
299.202	0.201866	299.432	0.999999	-1
299.199	0.209712	299.439	1	-1
89.1789	-70.1584	7.0297	367.695	1
86.2372	-67.4726	7.21834	368.739	1
83.2688	-64.7703	7.41348	369.83	1
80.28	-62.0521	7.60986	370.971	1
77.2891	-59.315	7.80699	372.149	1
74.267	-56.5627	8.0057	373.384	1
71.2296	-53.7899	8.20564	374.664	1
68.1669	-50.9982	8.40711	375.997	1
65.0777	-48.1866	8.61016	377.384	1
61.981	-45.3526	8.81427	378.813	1
58.844	-42.4971	9.02047	380.304	1
55.6782	-39.6208	9.22838	381.852	1
52.5109	-36.7181	9.43729	383.439	1
49.2892	-33.7925	9.64881	385.1	1
45.934	-30.8549	9.72486	386.99	1
42.5709	-27.886	9.82544	388.907	1
39.1275	-24.8912	9.88449	390.949	1
35.5537	-21.8717	9.83869	393.197	1
31.8555	-18.8224	9.71235	395.629	1
28.1253	-15.7345	9.58475	398.126	1
25.5781	-12.551	10.7504	398.911	1
25.9865	-9.25434	15.0164	395.455	1
26.3761	-6.01361	19.1962	392.119	1
26.1854	-2.83332	22.7246	389.697	1
25.3074	0.309281	25.5325	388.315	1
23.5244	3.44124	27.411	388.272	1
21.2859	6.58397	28.8344	388.916	1
18.0857	9.77021	29.3594	390.919	1
14.5962	13.0016	29.649	393.337	1
11.049	16.2742	29.9307	395.847	1
10.6374	19.3763	33.1403	394.107	1
10.1224	22.4592	36.2386	392.56	1
9.28426	25.5476	39.0106	391.515	1
8.44947	28.6203	41.7709	390.516	1
7.46706	31.6946	44.3772	389.773	1
6.35778	34.772	46.8643	389.246	1
5.2497	37.8421	49.3484	388.762	1
4.29215	40.8848	51.9442	388.132	1
2.72648	44.0074	54.03	388.342	1
0.917754	47.1721	55.9275	388.905	1
-1.03587	50.3701	57.7132	389.696	1
-3.71811	53.7094	58.9298	391.464	1
-6.57786	57.1062	60.0429	393.485	1
-9.46582	60.5413	61.1675	395.57	1
-14.2229	64.388	60.899	400.064	1
299.212	0.168824	299.409	1.00002	-1
299.209	0.176686	299.415	1.00001	-1
299.206	0.184528	299.421	0.999998	-1
299.203	0.19235	299.427	1.00001	-1
299.2	0.200152	299.434	1.00002	-1
299.198	0.207931	299.44	0.999984	-1
90.0755	-69.423	7.02867	367.042	1
87.0905	-66.7703	7.21582	368.119	1
84.1017	-64.1007	7.41044	369.228	1
81.0892	-61.4125	7.60651	370.388	1
78.0574	-58.7099	7.80373	371.597	1
75.0108	-55.9875	8.00216	372.85	1
71.9397	-53.2466	8.20205	374.156	1
68.8428	-50.4867	8.40349	375.514	1
65.7188	-47.7066	8.60654	376.927	1
62.5866	-44.904	8.81067	378.382	1
59.4248	-42.0797	9.01656	379.893	1
56.2318	-39.2329	9.22429	381.461	1
53.006	-36.3625	9.43395	383.089	1
49.7672	-33.4663	9.64496	384.763	1
46.3398	-30.5632	9.69461	386.723	1
42.9403	-27.6225	9.80109	388.662	1
39.4673	-24.6566	9.87272	390.716	1
35.8665	-21.6657	9.84296	392.972	1
32.1377	-18.6462	9.71634	395.427	1
28.3635	-15.5879	9.58815	397.955	1
25.598	-12.4419	10.5963	399.006	1
26.0022	-9.17246	14.8974	395.528	1
26.3863	-5.9595	19.1097	392.173	1
26.2	-2.80607	22.6915	389.711	1
25.3074	0.309281	25.5325	388.315	1
23.4961	3.41401	27.4301	388.279	1
21.2197	6.52975	28.8637	388.942	1
17.9581	9.68974	29.3772	390.996	1
14.4241	12.8946	29.673	393.442	1
10.9856	16.1321	30.105	395.769	1
10.5883	19.2041	33.3723	393.978	1
10.0338	22.2614	36.4673	392.461	1
9.18298	25.3211	39.2716	391.401	1
8.33889	28.3648	42.0549	390.393	1
7.3154	31.412	44.6784	389.667	1
6.19059	34.4623	47.1964	389.129	1
5.0716	37.5032	49.7017	388.637	1
4.01487	40.5273	52.266	388.1	1
2.37453	43.6316	54.3354	388.376	1
0.494561	46.7763	56.2074	389.007	1
-1.54299	49.9571	57.9708	389.874	1
-4.41749	53.2978	59.0825	391.857	1
-7.32646	56.6723	60.207	393.906	1
-10.2641	60.0848	61.3437	396.019	1
-16.0133	64.0965	60.3787	401.735	1
299.21	0.167361	299.41	0.999994	-1
299.207	0.175154	299.416	0.999987	-1
299.204	0.182928	299.422	1	-1
299.202	0.190682	299.429	0.99999	-1
299.199	0.198416	299.435	1	-1
299.196	0.206127	299.442	0.999983	-1
90.9581	-68.6824	7.0282	366.399	1
87.9412	-66.0629	7.21357	367.501	1
84.9292	-63.4236	7.40785	368.63	1
81.8767	-60.7704	7.60397	369.819	1
78.8209	-58.0979	7.80089	371.047	1
75.7415	-55.4076	7.99922	372.326	1
72.637	-52.6989	8.19905	373.656	1
69.5061	-49.9708	8.40044	375.04	1
66.3586	-47.2225	8.60311	376.471	1
63.1911	-44.4514	8.80726	377.952	1
59.9819	-41.6585	9.01357	379.496	1
56.7635	-38.8429	9.221	381.084	1
53.5003	-36.0035	9.43075	382.739	1
50.2014	-33.1411	9.61638	384.474	1
46.7435	-30.2672	9.6643	386.458	1
43.3105	-27.3574	9.77668	388.417	1
39.8058	-24.4207	9.85856	390.486	1
36.1746	-21.4588	9.84119	392.755	1
32.4197	-18.4682	9.7203	395.225	1
28.5901	-15.4406	9.59127	397.793	1
25.6186	-12.3319	10.4178	399.118	1
26.0182	-9.08997	14.7663	395.61	1
26.3963	-5.90456	19.0349	392.218	1
26.2146	-2.77844	22.6585	389.724	1
25.3074	0.309281	25.5325	388.315	1
23.4678	3.3865	27.4493	388.285	1
21.1532	6.47482	28.8927	388.969	1
17.8305	9.60823	29.3951	391.074	1
14.2632	12.7855	29.6958	393.539	1
10.9513	15.9866	30.2944	395.659	1
10.5409	19.0297	33.5938	393.854	1
9.9453	22.0602	36.6949	392.362	1
9.08196	25.091	39.5314	391.289	1
8.22227	28.1058	42.3557	390.262	1
7.16326	31.1275	44.9805	389.56	1
6.02745	34.1485	47.5198	389.014	1
4.8972	37.16	50.0696	388.499	1
3.73599	40.1673	52.5765	388.078	1
2.02867	43.25	54.6342	388.409	1
0.0708148	46.3754	56.4871	389.11	1
-2.19583	49.5622	58.1124	390.241	1
-5.11879	52.8797	59.2352	392.252	1
-8.06828	56.232	60.3686	394.324	1
-11.4531	59.6952	61.21	396.973	1
-17.7763	63.7897	59.8644	403.381	1
299.209	0.165879	299.411	0.999993	-1
299.206	0.173603	299.417	0.999986	-1
299.203	0.181308	299.424	1	-1
299.2	0.188993	299.43	1.00001	-1
299.197	0.196658	299.437	0.999994	-1
299.195	0.204301	299.443	1	-1
91.8189	-67.9393	7.02843	365.77	1
88.7893	-65.3506	7.21159	366.887	1
85.727	-62.7464	7.40624	368.05	1
82.662	-60.1235	7.60167	369.253	1
79.574	-57.4834	7.79847	370.505	1
76.4617	-54.8254	7.99671	371.808	1
73.3239	-52.1487	8.19647	373.163	1
70.1701	-49.4526	8.39745	374.566	1
66.9858	-46.7342	8.60025	376.023	1
63.7739	-43.9966	8.80464	377.536	1
60.54	-41.2351	9.01061	379.099	1
57.283	-38.4493	9.21823	380.715	1
53.9938	-35.6412	9.42771	382.389	1
50.6311	-32.8132	9.58361	384.192	1
47.1367	-29.9695	9.63441	386.2	1
43.6689	-27.0896	9.7529	388.179	1
40.1395	-24.1816	9.84092	390.262	1
36.4733	-21.2495	9.83076	392.551	1
32.6777	-18.289	9.72369	395.039	1
28.8156	-15.2909	9.59433	397.631	1
25.6394	-12.2204	10.2395	399.23	1
26.0341	-9.00637	14.6471	395.683	1
26.4067	-5.84888	18.9485	392.272	1
26.2264	-2.75047	22.6344	389.732	1
25.3074	0.309281	25.5325	388.315	1
23.4395	3.35858	27.4684	388.292	1
21.0868	6.41933	28.9218	388.995	1
17.7135	9.52572	29.4118	391.145	1
14.091	12.6757	29.7199	393.644	1
10.9168	15.8402	30.4844	395.549	1
10.4934	18.8542	33.8159	393.73	1
9.85652	21.8575	36.9232	392.263	1
8.98062	24.8593	39.792	391.176	1
8.11164	27.8447	42.6391	390.139	1
7.01515	30.8394	45.274	389.457	1
5.86434	33.8312	47.843	388.9	1
4.74018	36.8109	50.4282	388.355	1
3.42122	39.8094	52.8471	388.109	1
1.68707	42.8631	54.9246	388.445	1
-0.347243	45.97	56.7622	389.212	1
-2.83048	49.1597	58.2482	390.598	1
-5.80199	52.4538	59.3821	392.636	1
-8.80085	55.7823	60.527	394.737	1
-13.0882	59.3835	60.7299	398.498	1
-19.5551	63.4736	59.3448	405.042	1
299.208	0.16438	299.412	0.999993	-1
299.205	0.172034	299.419	1	-1
299.202	0.179669	299.425	0.999997	-1
299.199	0.187284	299.432	0.999987	-1
299.196	0.194879	299.438	0.999999	-1
299.193	0.202452	299.445	1	-1
92.677	-67.1911	7.0289	365.143	1
89.6158	-64.6358	7.2104	366.285	1
86.5415	-62.0621	7.40434	367.462	1
83.4368	-59.4741	7.5998	368.693	1
80.3167	-56.8665	7.79648	369.97	1
77.1717	-54.2408	7.99462	371.297	1
74.0091	-51.5943	8.1941	372.672	1
70.8214	-48.9302	8.39503	374.1	1
67.6138	-46.2439	8.59743	375.576	1
64.3647	-43.5362	8.80196	377.115	1
61.1063	-40.8065	9.00758	378.698	1
57.8034	-38.0537	9.21551	380.346	1
54.4865	-35.2756	9.42481	382.041	1
51.0602	-32.4821	9.55075	383.91	1
47.5318	-29.6685	9.60735	385.938	1
44.027	-26.819	9.7291	387.942	1
40.4625	-23.9411	9.82362	390.045	1
36.761	-21.039	9.82048	392.354	1
32.9354	-18.108	9.72706	394.854	1
29.0417	-15.1403	9.5974	397.469	1
25.66	-12.107	10.0858	399.323	1
26.0503	-8.9216	14.5159	395.764	1
26.4169	-5.7924	18.8743	392.317	1
26.2411	-2.72219	22.6014	389.745	1
25.3074	0.309281	25.5325	388.315	1
23.4249	3.33033	27.4775	388.296	1
21.0203	6.3631	28.9508	389.022	1
17.597	9.44174	29.4284	391.216	1
13.9295	12.5644	29.7428	393.743	1
10.8824	15.6914	30.6734	395.439	1
10.4478	18.6765	34.0276	393.612	1
9.7709	21.6525	37.1422	392.168	1
8.88241	24.6247	40.0433	391.067	1
8.00098	27.5806	42.9223	390.017	1
6.86704	30.5482	45.5673	389.353	1
5.70125	33.5104	48.166	388.787	1
4.57969	36.4584	50.7954	388.208	1
3.10066	39.4462	53.1228	388.141	1
1.29902	42.4797	55.1792	388.541	1
-0.764511	45.5575	57.0359	389.315	1
-3.46678	48.7515	58.3839	390.957	1
-6.48703	52.0214	59.5289	393.023	1
-9.53508	55.3258	60.6855	395.151	1
-14.7361	59.0627	60.2458	400.037	1
299.21	0.155262	299.407	0.999999	-1
299.207	0.162862	299.413	1.00001	-1
299.203	0.170445	299.42	0.999984	-1
299.2	0.178009	299.426	0.999995	-1
299.197	0.185554	299.433	0.999986	-1
299.194	0.193078	299.44	1.00002	-1
299.192	0.200581	299.446	1	-1
93.5324	-66.4382	7.02961	364.52	1
90.4398	-63.9162	7.20946	365.687	1
87.3347	-61.3753	7.40323	366.887	1
84.1986	-58.8201	7.59853	368.142	1
81.0547	-56.2429	7.79489	369.438	1
77.8773	-53.6497	7.99292	370.79	1
74.684	-51.0376	8.19215	372.188	1
71.4713	-48.4037	8.39281	373.635	1
68.2182	-45.7494	8.59554	375.143	1
64.9564	-43.0737	8.79932	376.694	1
61.6511	-40.3758	9.00534	378.31	1
58.3117	-37.6547	9.21331	379.984	1
54.9575	-34.908	9.42269	381.706	1
51.4677	-32.1492	9.51881	383.642	1
47.9194	-29.3655	9.58412	385.679	1
44.3845	-26.5459	9.7053	387.705	1
40.785	-23.6983	9.80628	389.829	1
37.0602	-20.8264	9.80995	392.15	1
33.2164	-17.9243	9.73092	394.653	1
29.2667	-14.9874	9.60041	397.307	1
25.6813	-11.9927	9.90772	399.435	1
26.066	-8.83563	14.3969	395.837	1
26.4275	-5.73528	18.788	392.371	1
26.2528	-2.69342	22.5775	389.754	1
25.3074	0.309281	25.5325	388.315	1
23.3965	3.30173	27.4966	388.302	1
20.9705	6.30606	28.9726	389.041	1
17.4693	9.35716	29.4464	391.293	1
13.7685	12.4511	29.7657	393.84	1
10.8479	15.5419	30.863	395.329	1
10.3984	18.4966	34.2587	393.484	1
9.68234	21.4446	37.3692	392.07	1
8.78418	24.3876	40.2944	390.958	1
7.89029	27.3138	43.2052	389.894	1
6.72297	30.2533	45.8519	389.253	1
5.5422	33.1858	48.4803	388.676	1
4.42211	36.1034	51.1546	388.064	1
2.79167	39.0787	53.3866	388.173	1
0.917948	42.0905	55.428	388.635	1
-1.17612	45.1407	57.305	389.417	1
-4.10472	48.3371	58.5195	391.317	1
-7.17393	51.5824	59.6756	393.411	1
-10.2601	54.8606	60.8407	395.561	1
-16.3546	58.7274	59.7685	401.547	1
299.209	0.153799	299.408	0.999997	-1
299.205	0.161327	299.415	1.00001	-1
299.202	0.168838	299.421	0.999984	-1
299.199	0.176331	299.428	0.999996	-1
299.196	0.183804	299.434	1.00001	-1
299.193	0.191257	299.441	0.999996	-1
299.19	0.198689	299.448	1	-1
94.3664	-65.6829	7.031	363.91	1
91.2426	-63.1941	7.20931	365.102	1
88.1066	-60.6862	7.4029	366.326	1
84.9582	-58.1614	7.5975	367.593	1
81.7743	-55.619	7.79391	368.918	1
78.5837	-53.0563	7.99126	370.283	1
75.3549	-50.4746	8.19056	371.707	1
72.1	-47.8749	8.39137	373.184	1
68.8235	-45.2528	8.59369	374.711	1
65.5155	-42.6091	8.79783	376.294	1
62.1948	-39.9415	9.00325	377.923	1
58.8398	-37.2508	9.21063	379.611	1
55.4391	-34.5373	9.42034	381.365	1
51.8953	-31.812	9.48578	383.362	1
48.3162	-29.0585	9.56037	385.414	1
44.7416	-26.2701	9.68148	387.469	1
41.1071	-23.4531	9.78888	389.613	1
37.3472	-20.6116	9.79957	391.954	1
33.4736	-17.7396	9.73422	394.468	1
29.4801	-14.8338	9.60314	397.154	1
25.7025	-11.8763	9.75449	399.528	1
26.0818	-8.74893	14.2773	395.911	1
26.438	-5.67754	18.7136	392.416	1
26.2676	-2.66457	22.5446	389.767	1
25.3074	0.309281	25.5325	388.315	1
23.3682	3.27289	27.5158	388.309	1
20.904	6.24854	29.0016	389.068	1
17.3523	9.27149	29.4632	391.364	1
13.6182	12.3366	29.7874	393.931	1
10.8148	15.3906	31.0418	395.226	1
10.3527	18.3153	34.47	393.366	1
9.59664	21.235	37.5879	391.976	1
8.68591	24.148	40.5452	390.85	1
7.76337	27.0465	43.4633	389.801	1
6.5784	29.9566	46.1375	389.153	1
5.38263	32.8592	48.7956	388.565	1
4.24289	35.7459	51.4935	387.95	1
2.48234	38.707	53.6502	388.205	1
0.536401	41.6965	55.6767	388.73	1
-1.66576	44.7321	57.5021	389.626	1
-4.74428	47.9167	58.6549	391.679	1
-7.84254	51.1357	59.8165	393.789	1
-11.3201	54.4487	60.7426	396.395	1
-17.9867	58.3833	59.2866	403.072	1
299.208	0.152319	299.409	0.999997	-1
299.204	0.159774	299.416	1.00001	-1
299.201	0.167213	299.422	1	-1
299.198	0.174633	299.429	1.00002	-1
299.195	0.182033	299.436	0.999986	-1
299.192	0.189414	299.443	0.999995	-1
299.189	0.196774	299.449	1	-1
95.1978	-64.9227	7.03263	363.303	1
92.043	-62.4674	7.20941	364.52	1
88.8764	-59.9924	7.40281	365.767	1
85.7048	-57.4983	7.59706	367.053	1
82.5002	-54.9887	7.79295	368.395	1
79.2663	-52.4586	7.99055	369.79	1
76.0072	-49.9113	8.18959	371.237	1
72.7272	-47.3421	8.39011	372.734	1
69.4254	-44.7505	8.59217	374.28	1
66.0938	-42.1391	8.79591	375.883	1
62.7264	-39.5036	9.0017	377.544	1
59.3257	-36.8463	9.20936	379.264	1
55.8871	-34.1664	9.39275	381.066	1
52.3014	-31.473	9.45367	383.096	1
48.6915	-28.7498	9.53774	385.163	1
45.077	-25.9927	9.65885	387.246	1
41.4186	-23.2065	9.77182	389.404	1
37.6338	-20.3948	9.78914	391.758	1
33.7305	-17.5531	9.73749	394.284	1
29.7056	-14.6785	9.60613	396.993	1
25.7253	-11.7591	9.57783	399.637	1
26.0977	-8.6609	14.1585	395.983	1
26.4487	-5.61919	18.6275	392.47	1
26.2825	-2.63516	22.5117	389.779	1
25.3074	0.309281	25.5325	388.315	1
23.3398	3.24368	27.5349	388.315	1
20.8375	6.19032	29.0307	389.094	1
17.2358	9.18447	29.48	391.435	1
13.4458	12.2211	29.8118	394.036	1
10.7816	15.2377	31.2204	395.123	1
10.3069	18.1321	34.681	393.249	1
9.51092	21.0233	37.8064	391.882	1
8.59078	23.9057	40.7867	390.746	1
7.63689	26.7756	43.72	389.708	1
6.43436	29.6555	46.4218	389.053	1
5.22365	32.5277	49.1094	388.455	1
3.99197	35.3948	51.7619	387.938	1
2.1727	38.331	53.9136	388.238	1
0.161901	41.2969	55.9195	388.823	1
-2.24771	44.3299	57.6235	389.955	1
-5.36554	47.4894	58.7847	392.031	1
-8.52152	50.6821	59.96	394.174	1
-12.8247	54.105	60.2948	397.801	1
-19.6325	58.0304	58.8001	404.611	1
299.207	0.150822	299.41	0.999999	-1
299.203	0.158204	299.417	0.999992	-1
299.2	0.165569	299.424	1	-1
299.197	0.172916	299.43	1.00002	-1
299.193	0.180243	299.437	1	-1
299.19	0.187551	299.444	1.00002	-1
299.187	0.194839	299.451	0.999998	-1
96.0081	-64.1603	7.03492	362.709	1
92.8411	-61.736	7.20975	363.94	1
89.644	-59.294	7.40295	365.21	1
86.4414	-56.8329	7.59703	366.52	1
83.205	-54.356	7.79277	367.885	1
79.9499	-51.8586	7.98988	369.298	1
76.6664	-49.342	8.18861	370.765	1
73.3531	-46.8054	8.38905	372.286	1
70.0171	-44.2461	8.59104	373.857	1
66.6508	-41.667	8.79476	375.484	1
63.259	-39.0638	9.00017	377.165	1
59.8315	-36.4372	9.20761	378.905	1
56.3169	-33.7931	9.3582	380.783	1
52.7068	-31.131	9.42147	382.83	1
49.076	-28.4373	9.51458	384.907	1
45.4219	-25.7117	9.63564	387.018	1
41.7284	-22.9566	9.75473	389.196	1
37.9083	-20.1759	9.77885	391.57	1
33.9872	-17.3649	9.74073	394.1	1
29.9185	-14.5217	9.60881	396.84	1
25.7942	-11.638	9.47506	399.661	1
26.1138	-8.57207	14.0391	396.056	1
26.4594	-5.55991	18.5536	392.514	1
26.2973	-2.60555	22.4788	389.792	1
25.3074	0.309281	25.5325	388.315	1
23.3114	3.21407	27.554	388.322	1
20.7876	6.13124	29.0525	389.114	1
17.1187	9.09681	29.4968	391.505	1
13.2955	12.1038	29.8336	394.127	1
10.747	15.0827	31.4088	395.014	1
10.2611	17.947	34.8919	393.132	1
9.42806	20.8102	38.0165	391.791	1
8.49531	23.662	41.0291	390.642	1
7.51783	26.5023	43.9845	389.605	1
6.28981	29.3527	46.707	388.953	1
5.06813	32.1939	49.4158	388.347	1
3.70802	35.0437	52.0027	387.969	1
1.86274	37.9508	54.1769	388.272	1
-0.214357	40.8944	56.1633	388.918	1
-2.82215	43.9226	57.7423	390.281	1
-5.98835	47.0559	58.9143	392.384	1
-9.1843	50.2231	60.0986	394.55	1
-14.3152	53.7489	59.8506	399.193	1
299.209	0.141985	299.405	0.999982	-1
299.205	0.149309	299.411	0.999997	-1
299.202	0.156617	299.418	0.999992	-1
299.199	0.163907	299.425	1	-1
299.195	0.17118	299.432	0.999995	-1
299.192	0.178433	299.438	0.999985	-1
299.189	0.185668	299.445	1.00001	-1
299.186	0.192882	299.452	0.999999	-1
96.8159	-63.3933	7.03744	362.118	1
93.6182	-61.0024	7.21086	363.373	1
90.4015	-58.5935	7.40351	364.661	1
87.1679	-56.1652	7.59741	365.994	1
83.9082	-53.7191	7.79281	367.378	1
80.6209	-51.2545	7.98978	368.815	1
77.3046	-48.7705	8.1884	370.305	1
73.9776	-46.2647	8.38817	371.839	1
70.5989	-43.7397	8.59033	373.44	1
67.2067	-41.1914	8.79377	375.087	1
63.7796	-38.6205	8.99918	376.793	1
60.3158	-36.0261	9.20663	378.559	1
56.757	-33.4167	9.32305	380.496	1
53.1116	-30.786	9.38919	382.565	1
49.4503	-28.123	9.49196	384.657	1
45.7677	-25.4294	9.61237	386.789	1
42.0391	-22.7054	9.73758	388.988	1
38.1837	-19.9558	9.76851	391.383	1
34.2435	-17.1748	9.74394	393.916	1
30.1313	-14.3634	9.61146	396.688	1
25.9621	-11.5115	9.47713	399.541	1
26.1301	-8.48202	13.9205	396.129	1
26.4701	-5.50013	18.4794	392.559	1
26.3122	-2.57569	22.446	389.805	1
25.3074	0.309281	25.5325	388.315	1
23.283	3.1842	27.573	388.328	1
20.7211	6.07173	29.0815	389.141	1
17.0021	9.00781	29.5137	391.576	1
13.1451	11.9852	29.8554	394.217	1
10.7137	14.9268	31.5871	394.911	1
10.2171	17.7601	35.0923	393.021	1
9.34544	20.594	38.2256	391.701	1
8.40012	23.4148	41.2702	390.538	1
7.38884	26.2261	44.2387	389.516	1
6.14928	29.0464	46.9836	388.856	1
4.91608	31.8577	49.7148	388.242	1
3.4357	34.6889	52.2316	387.999	1
1.56433	37.5664	54.4281	388.305	1
-0.589763	40.4855	56.4059	389.013	1
-3.39794	43.5099	57.8609	390.608	1
-6.61275	46.6167	59.0438	392.74	1
-9.85782	49.7574	60.2396	394.934	1
-15.8224	53.3876	59.4014	400.602	1
299.208	0.140531	299.406	0.999981	-1
299.204	0.14778	299.413	0.999997	-1
299.201	0.155012	299.419	1.00001	-1
299.197	0.162228	299.426	0.999983	-1
299.194	0.169425	299.433	0.999993	-1
299.191	0.176604	299.44	1	-1
299.188	0.183764	299.447	0.999991	-1
299.184	0.190904	299.454	0.999995	-1
97.6029	-62.624	7.04062	361.54	1
94.3746	-60.2664	7.21274	362.82	1
91.1462	-57.8884	7.40464	364.12	1
87.8816	-55.4931	7.59836	365.476	1
84.5985	-53.0779	7.79341	366.878	1
81.2903	-50.6462	7.98988	368.333	1
77.9414	-48.195	8.18838	369.847	1
74.5811	-45.7219	8.38806	371.405	1
71.1883	-43.2279	8.58955	373.019	1
67.7616	-40.7121	8.79295	374.691	1
64.2992	-38.1737	8.99833	376.423	1
60.8199	-35.6104	9.20517	378.202	1
57.176	-33.0384	9.28881	380.221	1
53.5061	-30.4392	9.35732	382.307	1
49.8144	-27.8072	9.46973	384.414	1
46.1019	-25.1444	9.58971	386.568	1
42.3481	-22.451	9.7204	388.781	1
38.4576	-19.7329	9.75813	391.196	1
34.4761	-16.9837	9.74659	393.749	1
30.3439	-14.2036	9.61409	396.535	1
26.1298	-11.3837	9.47919	399.421	1
26.1465	-8.39121	13.8014	396.202	1
26.481	-5.43949	18.4057	392.604	1
26.3242	-2.54541	22.4222	389.813	1
25.3074	0.309281	25.5325	388.315	1
23.2684	3.15405	27.5821	388.332	1
20.6546	6.01156	29.1106	389.167	1
16.8962	8.9179	29.5293	391.64	1
12.9947	11.8653	29.8774	394.308	1
10.6804	14.7693	31.7652	394.809	1
10.1729	17.5721	35.2934	392.91	1
9.26249	20.3765	38.4354	391.611	1
8.30458	23.1663	41.5122	390.434	1
7.26339	25.9478	44.4853	389.43	1
6.01278	28.7367	47.2517	388.762	1
4.76463	31.5169	50.0124	388.138	1
3.15118	34.3301	52.4721	388.031	1
1.26023	37.1772	54.6845	388.339	1
-0.959424	40.0727	56.6438	389.107	1
-3.97518	43.0922	57.9795	390.937	1
-7.21865	46.1706	59.1675	393.084	1
-10.5128	49.2839	60.3746	395.307	1
-17.3169	53.014	58.9545	401.999	1
299.207	0.139062	299.407	1	-1
299.203	0.146234	299.414	0.999994	-1
299.2	0.153391	299.42	1.00001	-1
299.196	0.16053	299.427	1	-1
299.193	0.167652	299.434	0.999995	-1
299.189	0.174756	299.441	1.00001	-1
299.186	0.18184	299.448	0.99999	-1
299.183	0.188905	299.455	0.999996	-1
98.3876	-61.8503	7.04401	360.966	1
95.1473	-59.5239	7.21431	362.258	1
91.8779	-57.179	7.40637	363.587	1
88.5936	-54.8168	7.59953	364.96	1
85.2791	-52.4346	7.79441	366.386	1
81.9389	-50.0358	7.99074	367.864	1
78.5768	-47.6156	8.18855	369.391	1
75.1833	-45.1753	8.38813	370.973	1
71.7567	-42.714	8.58954	372.612	1
68.2954	-40.2309	8.79289	374.309	1
64.8179	-37.7236	8.99764	376.053	1
61.2757	-35.1969	9.18312	377.892	1
57.6054	-32.6571	9.25397	379.941	1
53.8984	-30.0884	9.32539	382.051	1
50.1854	-27.4878	9.4445	384.168	1
46.4357	-24.857	9.56704	386.347	1
42.6465	-22.1953	9.70355	388.581	1
38.7324	-19.5088	9.7477	391.009	1
34.7236	-16.7908	9.74057	393.579	1
30.5439	-14.0424	9.61642	396.392	1
26.2974	-11.2547	9.48122	399.301	1
26.1628	-8.29914	13.6948	396.266	1
26.4919	-5.37846	18.3316	392.648	1
26.3362	-2.51478	22.3985	389.822	1
25.3074	0.309281	25.5325	388.315	1
23.2399	3.12365	27.6012	388.339	1
20.6047	5.95067	29.1324	389.187	1
16.7791	8.82723	29.5463	391.711	1
12.8329	11.7445	29.9007	394.407	1
10.6485	14.6108	31.9334	394.712	1
10.1269	17.3816	35.5037	392.794	1
9.17981	20.156	38.6442	391.522	1
8.21217	22.9151	41.7448	390.334	1
7.13793	25.667	44.7319	389.344	1
5.87339	28.4256	47.5187	388.671	1
4.5936	31.1762	50.2949	388.059	1
2.8783	33.9678	52.7006	388.062	1
0.928748	36.7901	54.899	388.422	1
-1.32332	39.6563	56.877	389.201	1
-4.53384	42.6676	58.0923	391.255	1
-7.83465	45.718	59.2937	393.436	1
-11.6956	48.8869	60.1048	396.351	1
-18.7984	52.628	58.5099	403.385	1
299.206	0.137578	299.408	1	-1
299.202	0.144673	299.415	1.00002	-1
299.199	0.151752	299.422	1.00001	-1
299.195	0.158815	299.428	1	-1
299.192	0.165861	299.435	0.999992	-1
299.188	0.172888	299.442	1.00001	-1
299.185	0.179897	299.449	0.999991	-1
299.182	0.186885	299.456	1	-1
99.1699	-61.0721	7.04761	360.394	1
95.8918	-58.7814	7.21681	361.715	1
92.5999	-56.4674	7.40848	363.061	1
89.2927	-54.1363	7.60127	364.452	1
85.9499	-51.7892	7.79581	365.9	1
82.5859	-49.4214	7.99179	367.396	1
79.1914	-47.0341	8.18948	368.947	1
75.7647	-44.6266	8.38895	370.554	1
72.324	-42.1965	8.5897	372.205	1
68.8282	-39.7462	8.79299	373.927	1
65.3155	-37.2716	8.99771	375.697	1
61.7167	-34.7806	9.14636	377.604	1
58.0228	-32.2727	9.21955	379.668	1
54.2805	-29.7359	9.29386	381.801	1
50.535	-27.1668	9.42026	383.937	1
46.748	-24.5681	9.54555	386.14	1
42.9446	-21.9373	9.68666	388.382	1
38.9951	-19.2828	9.73741	390.83	1
34.9454	-16.5969	9.73181	393.427	1
30.7561	-13.8797	9.619	396.24	1
26.465	-11.1245	9.48323	399.181	1
26.1795	-8.20599	13.5765	396.338	1
26.503	-5.3166	18.258	392.693	1
26.3511	-2.48393	22.3657	389.834	1
25.3074	0.309281	25.5325	388.315	1
23.2115	3.0928	27.6202	388.345	1
20.5381	5.8892	29.1615	389.214	1
16.6625	8.73534	29.5632	391.781	1
12.6825	11.6219	29.9227	394.497	1
10.6151	14.4504	32.1112	394.61	1
10.0845	17.1899	35.6942	392.688	1
9.09998	19.9342	38.8446	391.436	1
8.11974	22.6616	41.9773	390.235	1
7.01733	25.3841	44.9603	389.267	1
5.71806	28.1118	47.7702	388.603	1
4.42125	30.8311	50.5744	387.983	1
2.6051	33.6015	52.9289	388.094	1
0.588787	36.3985	55.1166	388.51	1
-1.80517	39.249	57.0132	389.448	1
-5.1049	42.2394	58.2082	391.582	1
-8.4342	45.2607	59.4151	393.778	1
-13.0489	48.5084	59.6953	397.617	1
299.209	0.129046	299.402	1.00001	-1
299.205	0.136078	299.409	1	-1
299.201	0.143096	299.416	0.999994	-1
299.197	0.150098	299.423	0.999989	-1
299.194	0.157083	299.43	1	-1
299.19	0.164051	299.437	0.999993	-1
299.187	0.171002	299.444	1	-1
299.184	0.177933	299.451	0.999989	-1
299.18	0.184845	299.458	1.00002	-1
99.9317	-60.2918	7.05187	359.835	1
96.6311	-58.0323	7.21973	361.174	1
93.32	-55.7516	7.41082	362.537	1
89.9822	-53.4537	7.60341	363.951	1
86.6163	-51.1377	7.79757	365.417	1
83.2315	-48.803	7.99303	366.931	1
79.8046	-46.4488	8.19059	368.505	1
76.3534	-44.0726	8.38973	370.131	1
72.8704	-41.677	8.59061	371.812	1
69.3601	-39.258	8.79324	373.547	1
65.8123	-36.8164	8.99792	375.342	1
62.1588	-34.3624	9.10948	377.315	1
58.4285	-31.8852	9.18557	379.403	1
54.662	-29.3806	9.26225	381.553	1
50.8939	-26.8422	9.39548	383.7	1
47.0809	-24.2759	9.52286	385.92	1
43.2422	-21.6773	9.66973	388.183	1
39.268	-19.054	9.72688	390.644	1
35.1896	-16.4008	9.72262	393.261	1
30.9567	-13.7161	9.62131	396.096	1
26.6324	-10.9931	9.48523	399.061	1
26.1962	-8.11193	13.4701	396.401	1
26.514	-5.25449	18.1841	392.737	1
26.3662	-2.4527	22.333	389.847	1
25.3074	0.309281	25.5325	388.315	1
23.1831	3.06169	27.6393	388.352	1
20.4882	5.82716	29.1832	389.233	1
16.5566	8.64244	29.579	391.845	1
12.5434	11.4975	29.9435	394.581	1
10.5831	14.2885	32.2782	394.514	1
10.0122	16.9976	35.8802	392.608	1
9.02011	19.7103	39.0449	391.351	1
8.03045	22.4055	42.2005	390.139	1
6.87473	25.0993	45.1916	389.204	1
5.56208	27.7964	48.0227	388.534	1
4.25252	30.4837	50.8467	387.909	1
2.34354	33.2317	53.1453	388.125	1
0.262135	36.0024	55.3237	388.594	1
-2.31844	38.8426	57.1153	389.741	1
-5.65515	41.8029	58.3175	391.897	1
-9.04422	44.7974	59.5387	394.128	1
-14.3921	48.1206	59.2882	398.874	1
299.208	0.12761	299.403	1.00001	-1
299.204	0.134564	299.41	0.999999	-1
299.2	0.141503	299.417	1.00002	-1
299.196	0.148427	299.424	1.00001	-1
299.193	0.155334	299.431	1	-1
299.189	0.162224	299.438	0.999989	-1
299.186	0.169097	299.445	0.999999	-1
299.182	0.175951	299.452	0.99999	-1
299.179	0.182785	299.459	0.999996	-1
100.681	-59.5073	7.05663	359.284	1
97.3613	-57.281	7.22385	360.64	1
94.0197	-55.0338	7.41389	362.027	1
90.6622	-52.769	7.60593	363.457	1
87.265	-50.4861	7.79992	364.946	1
83.8566	-48.1826	7.99503	366.478	1
80.4166	-45.8597	8.19187	368.065	1
76.924	-43.5182	8.39111	369.719	1
73.4158	-41.154	8.59169	371.42	1
69.8911	-38.7666	8.79365	373.168	1
66.3058	-36.3583	8.99522	374.992	1
62.5981	-33.9397	9.07256	377.028	1
58.8353	-31.496	9.15146	379.138	1
55.0335	-29.0236	9.23105	381.31	1
51.2423	-26.5161	9.37115	383.469	1
47.3925	-23.9822	9.50135	385.714	1
43.518	-21.4159	9.65351	387.998	1
39.5196	-18.8249	9.71669	390.473	1
35.4109	-16.2036	9.71377	393.111	1
31.1562	-13.5506	9.62356	395.953	1
26.7996	-10.8607	9.4872	398.941	1
26.2131	-8.01728	13.3514	396.473	1
26.5253	-5.1913	18.1107	392.781	1
26.3783	-2.42124	22.3093	389.855	1
25.3074	0.309281	25.5325	388.315	1
23.1683	3.03028	27.6483	388.356	1
20.4298	5.76457	29.2087	389.257	1
16.4507	8.54868	29.5948	391.909	1
12.3929	11.3723	29.9656	394.672	1
10.551	14.1255	32.446	394.418	1
9.94502	16.8038	36.0479	392.537	1
8.94021	19.4844	39.245	391.265	1
7.94078	22.1482	42.4246	390.044	1
6.74012	24.8124	45.4076	389.146	1
5.41032	27.4776	48.2668	388.468	1
4.05496	30.1373	51.0847	387.88	1
2.0698	32.8582	53.3734	388.158	1
-0.0711129	35.6017	55.5354	388.681	1
-2.83283	38.4312	57.2172	390.036	1
-6.21777	41.3624	58.4299	392.22	1
-9.63551	44.3273	59.6566	394.467	1
-15.7439	47.7253	58.8785	400.139	1
299.207	0.126161	299.404	1.00001	-1
299.203	0.133035	299.411	1.00002	-1
299.199	0.139895	299.418	1.00002	-1
299.195	0.146739	299.425	1.00001	-1
299.192	0.153568	299.432	1	-1
299.188	0.160379	299.439	0.999989	-1
299.184	0.167173	299.446	1	-1
299.181	0.173949	299.453	0.999987	-1
299.178	0.180705	299.461	0.999996	-1
101.431	-58.7208	7.06142	358.735	1
98.0713	-56.5277	7.22868	360.119	1
94.7176	-54.3118	7.41718	361.518	1
91.3297	-52.0802	7.609	362.971	1
87.9203	-49.8287	7.80226	364.473	1
84.4802	-47.5584	7.9972	366.028	1
81.008	-45.2686	8.1939	367.638	1
77.5019	-42.9586	8.39245	369.305	1
73.9602	-40.6275	8.59292	371.029	1
70.4011	-38.2732	8.7948	372.801	1
66.769	-35.9015	8.95586	374.69	1
63.0187	-33.5166	9.03648	376.754	1
59.2396	-31.1027	9.11731	378.874	1
55.4026	-28.6626	9.1998	381.07	1
51.5904	-26.1874	9.34671	383.239	1
47.7134	-23.6852	9.47926	385.502	1
43.815	-21.1515	9.63649	387.8	1
39.7814	-18.5931	9.70627	390.295	1
35.632	-16.0047	9.70488	392.96	1
31.3564	-13.3842	9.62582	395.81	1
26.9668	-10.727	9.48916	398.822	1
26.23	-7.92126	13.2452	396.536	1
26.5366	-5.12768	18.0369	392.825	1
26.3904	-2.38933	22.2857	389.863	1
25.3074	0.309281	25.5325	388.315	1
23.1399	2.99859	27.6673	388.363	1
20.3717	5.7011	29.2341	389.28	1
16.3447	8.45394	29.6106	391.972	1
12.2424	11.2458	29.9878	394.763	1
10.5157	13.961	32.6097	394.327	1
9.87783	16.6084	36.2155	392.465	1
8.86026	19.2563	39.445	391.18	1
7.84824	21.8877	42.6565	389.945	1
6.60542	24.5228	45.6234	389.088	1
5.25846	27.156	48.5108	388.403	1
3.81283	29.7909	51.2833	387.91	1
1.80766	32.481	53.5894	388.19	1
-0.398516	35.1976	55.7423	388.767	1
-3.33948	38.0156	57.3165	390.327	1
-6.76169	40.9164	58.5366	392.532	1
-10.2283	43.8512	59.7743	394.807	1
-17.0864	47.3214	58.4704	401.397	1
299.206	0.124698	299.405	1.00001	-1
299.202	0.131492	299.412	0.999996	-1
299.198	0.138272	299.419	0.999993	-1
299.194	0.145036	299.426	1.00001	-1
299.19	0.151785	299.433	1	-1
299.187	0.158517	299.44	1.00001	-1
299.183	0.165231	299.447	1	-1
299.18	0.171928	299.455	0.999989	-1
299.176	0.178606	299.462	0.999992	-1
102.15	-57.9322	7.06715	358.205	1
98.7794	-55.7702	7.23369	359.6	1
95.4061	-53.5878	7.42084	361.016	1
91.9955	-51.3876	7.61228	362.487	1
88.5552	-49.1692	7.80535	364.011	1
85.0835	-46.9321	8.00012	365.589	1
81.5981	-44.6739	8.19611	367.212	1
78.0592	-42.397	8.39453	368.902	1
74.5036	-40.0977	8.59431	370.64	1
70.9103	-37.7765	8.79611	372.436	1
67.2116	-35.4429	8.91738	374.401	1
63.4364	-33.089	9.00037	376.481	1
59.634	-30.7076	9.08355	378.617	1
55.773	-28.3002	9.16842	380.829	1
51.9284	-25.8572	9.32272	383.016	1
48.0242	-23.3868	9.45773	385.297	1
44.0901	-20.886	9.6202	387.616	1
40.0419	-18.3596	9.69466	390.118	1
35.8529	-15.8042	9.69595	392.81	1
31.5557	-13.216	9.62803	395.668	1
27.1338	-10.5922	9.4911	398.702	1
26.2471	-7.82438	13.1392	396.599	1
26.548	-5.06337	17.9637	392.869	1
26.4055	-2.35721	22.2531	389.875	1
25.3074	0.309281	25.5325	388.315	1
23.1114	2.96661	27.6863	388.369	1
20.315	5.63728	29.2493	389.309	1
16.2388	8.35819	29.6264	392.036	1
12.1022	11.1182	30.0084	394.847	1
10.4793	13.7954	32.7733	394.237	1
9.8106	16.4112	36.3831	392.394	1
8.78029	19.0265	39.6448	391.096	1
7.76111	21.6255	42.8707	389.855	1
6.47063	24.2307	45.839	389.03	1
5.11081	26.8312	48.7463	388.34	1
3.5695	29.4426	51.4829	387.942	1
1.54528	32.1004	53.8054	388.223	1
-0.720127	34.7903	55.9445	388.852	1
-3.84518	37.5933	57.415	390.618	1
-7.30646	40.4648	58.6434	392.846	1
-10.9486	43.3879	59.7824	395.318	1
-18.4328	46.9072	58.0604	402.659	1
299.205	0.123221	299.406	1.00001	-1
299.201	0.129934	299.413	0.999999	-1
299.197	0.136633	299.42	0.999991	-1
299.193	0.143317	299.427	1.00001	-1
299.189	0.149985	299.434	0.999996	-1
299.186	0.156637	299.441	1.00001	-1
299.182	0.163272	299.449	1	-1
299.178	0.169888	299.456	0.999986	-1
299.175	0.176486	299.463	0.999992	-1
102.867	-57.1395	7.07307	357.677	1
99.4856	-55.0088	7.2389	359.084	1
96.0821	-52.8599	7.42506	360.523	1
92.6412	-50.6929	7.61628	362.016	1
89.1886	-48.506	7.80861	363.552	1
85.6855	-46.3022	8.00321	365.153	1
82.1679	-44.0772	8.19905	366.799	1
78.6154	-41.832	8.39677	368.502	1
75.0264	-39.5659	8.59644	370.263	1
71.4074	-37.2785	8.79458	372.082	1
67.6533	-34.981	8.87881	374.113	1
63.8555	-32.6597	8.96412	376.208	1
60.0186	-30.3109	9.05018	378.367	1
56.1318	-27.935	9.13757	380.596	1
52.2643	-25.5235	9.29874	382.795	1
48.325	-23.0871	9.43674	385.098	1
44.3763	-20.6183	9.60346	387.426	1
40.2774	-18.1251	9.68052	389.961	1
36.0736	-15.6021	9.68699	392.66	1
31.7433	-13.0469	9.62996	395.533	1
27.2767	-10.4568	9.49248	398.6	1
26.2643	-7.72656	13.0332	396.662	1
26.5592	-4.99838	17.9022	392.905	1
26.4177	-2.32492	22.2294	389.884	1
25.3074	0.309281	25.5325	388.315	1
23.0967	2.93427	27.6953	388.373	1
20.231	5.57319	29.2615	389.36	1
16.1328	8.26164	29.6423	392.1	1
11.961	10.989	30.0274	394.933	1
10.4447	13.6284	32.9264	394.153	1
9.74333	16.2123	36.5504	392.323	1
8.70633	18.7951	39.8273	391.018	1
7.66555	21.3617	43.0773	389.776	1
6.33577	23.936	46.0545	388.973	1
4.9625	26.5047	48.9829	388.277	1
3.33298	29.0903	51.6764	387.972	1
1.28262	31.7162	54.0212	388.257	1
-1.04078	34.3774	56.1454	388.938	1
-4.34309	37.1669	57.5109	390.905	1
-7.85253	40.0078	58.7501	393.161	1
-12.1724	42.9882	59.4066	396.465	1
-19.7695	46.4845	57.6521	403.913	1
299.204	0.121731	299.407	1	-1
299.2	0.128363	299.414	0.999997	-1
299.196	0.13498	299.421	0.999992	-1
299.192	0.141582	299.428	1	-1
299.188	0.148169	299.435	0.999996	-1
299.184	0.15474	299.442	1.00001	-1
299.181	0.161294	299.45	1	-1
299.177	0.16783	299.457	0.999987	-1
299.174	0.174348	299.464	1.00001	-1
103.582	-56.3428	7.07918	357.151	1
100.172	-54.2455	7.24473	358.58	1
96.7382	-52.1299	7.43	360.042	1
93.2854	-49.9943	7.62048	361.547	1
89.8019	-47.8408	7.81261	363.105	1
86.2862	-45.6686	8.00648	364.718	1
82.7366	-43.4769	8.20216	366.387	1
79.1706	-41.2636	8.39917	368.102	1
75.5482	-39.0309	8.59872	369.887	1
71.8702	-36.7809	8.75364	371.78	1
68.0943	-34.516	8.84015	373.826	1
64.2718	-32.2261	8.92784	375.938	1
60.4007	-29.9101	9.01677	378.119	1
56.4969	-27.5664	9.11493	380.352	1
52.6015	-25.1884	9.27467	382.572	1
48.6351	-22.7842	9.41518	384.893	1
44.6508	-20.3485	9.58708	387.243	1
40.5345	-17.8881	9.66558	389.79	1
36.2941	-15.3985	9.67798	392.511	1
31.9431	-12.8765	9.63215	395.391	1
27.4435	-10.3198	9.49439	398.481	1
26.2814	-7.62739	12.9399	396.716	1
26.5708	-4.93297	17.8286	392.949	1
26.4299	-2.29213	22.2059	389.891	1
25.3074	0.309281	25.5325	388.315	1
23.0682	2.90168	27.7143	388.38	1
20.1685	5.5083	29.2713	389.397	1
16.0269	8.16424	29.6582	392.163	1
11.8081	10.8588	30.0476	395.028	1
10.4083	13.4597	33.0889	394.064	1
9.67604	16.0119	36.7177	392.252	1
8.62628	18.5611	40.0268	390.934	1
7.56689	21.0951	43.2915	389.694	1
6.20082	23.6389	46.2697	388.916	1
4.8184	26.175	49.2112	388.217	1
3.1027	28.7343	51.8633	388.002	1
1.03159	31.3286	54.225	388.29	1
-1.3556	33.9613	56.3417	389.022	1
-4.82213	36.7349	57.6011	391.182	1
-8.37971	39.5452	58.851	393.465	1
-13.3803	42.5795	59.0344	397.599	1
299.207	0.113666	299.401	0.999988	-1
299.203	0.120228	299.408	0.999982	-1
299.199	0.126777	299.415	0.999998	-1
299.195	0.133312	299.422	0.999989	-1
299.191	0.139832	299.429	1	-1
299.187	0.146337	299.436	0.999998	-1
299.183	0.152827	299.444	1.00001	-1
299.18	0.159299	299.451	1.00002	-1
299.176	0.165754	299.458	1.00001	-1
299.172	0.17219	299.466	1.00001	-1
104.278	-55.5442	7.08592	356.639	1
100.849	-53.4802	7.25088	358.083	1
97.4001	-51.3942	7.43496	359.559	1
93.928	-49.2921	7.62486	361.08	1
90.4139	-47.1719	7.81679	362.66	1
86.8856	-45.0315	8.00992	364.285	1
83.304	-42.8732	8.20544	365.977	1
79.7054	-40.6934	8.4023	367.716	1
76.0691	-38.4926	8.60115	369.513	1
72.3237	-36.2814	8.71305	371.485	1
68.5148	-34.0492	8.80237	373.552	1
64.6696	-31.792	8.8924	375.679	1
60.773	-29.5077	8.98374	377.877	1
56.8505	-27.1951	9.09287	380.116	1
52.927	-24.8509	9.25109	382.358	1
48.9241	-22.4799	9.39479	384.702	1
44.9134	-20.0768	9.57105	387.067	1
40.7695	-17.65	9.65137	389.634	1
36.4919	-15.1938	9.66932	392.376	1
32.1304	-12.7047	9.63404	395.257	1
27.5861	-10.1821	9.49573	398.379	1
26.2988	-7.52782	12.8341	396.779	1
26.5822	-4.86673	17.7673	392.984	1
26.4451	-2.25915	22.1734	389.904	1
25.3074	0.309281	25.5325	388.315	1
23.0397	2.86879	27.7333	388.387	1
20.1061	5.44284	29.281	389.434	1
15.9209	8.06582	29.6742	392.227	1
11.6777	10.7272	30.0656	395.107	1
10.3737	13.2899	33.2418	393.98	1
9.61481	15.8101	36.8676	392.189	1
8.55226	18.326	40.209	390.857	1
7.47427	20.8277	43.4901	389.618	1
6.07383	23.3396	46.4697	388.864	1
4.67421	25.8427	49.4392	388.157	1
2.86573	28.3756	52.0565	388.033	1
0.77489	30.9368	54.434	388.324	1
-1.7719	33.5528	56.4563	389.237	1
-5.32221	36.2994	57.6967	391.472	1
-8.90809	39.0775	58.9517	393.771	1
-14.5717	42.1605	58.6657	398.717	1
299.207	0.112233	299.402	0.999986	-1
299.202	0.118712	299.409	1	-1
299.198	0.125177	299.416	0.999995	-1
299.194	0.131629	299.423	0.999989	-1
299.19	0.138067	299.43	1.00001	-1
299.186	0.14449	299.437	0.999997	-1
299.182	0.150896	299.445	0.999986	-1
299.178	0.157286	299.452	0.999999	-1
299.175	0.163659	299.46	0.999985	-1
299.171	0.170014	299.467	1.00001	-1
104.971	-54.7418	7.09283	356.128	1
101.521	-52.7091	7.25736	357.59	1
98.0455	-50.6586	7.44046	359.086	1
94.5508	-48.588	7.62996	360.625	1
91.0244	-46.4995	7.82114	362.217	1
87.4649	-44.3925	8.01408	363.865	1
83.8704	-42.2661	8.20887	365.569	1
80.2392	-40.1198	8.40558	367.33	1
76.5528	-37.9554	8.58239	369.179	1
72.7678	-35.78	8.67282	371.196	1
68.9345	-33.5793	8.7645	373.279	1
65.0646	-31.3538	8.85692	375.422	1
61.1448	-29.1026	8.95064	377.635	1
57.2054	-26.8224	9.07073	379.88	1
53.2521	-24.5109	9.22748	382.144	1
49.2335	-22.1727	9.37322	384.499	1
45.1873	-19.8031	9.55459	386.885	1
41.0042	-17.4101	9.63712	389.477	1
36.712	-14.987	9.66023	392.227	1
32.3176	-12.5317	9.63591	395.123	1
27.7411	-10.0434	9.49734	398.268	1
26.3162	-7.42725	12.7404	396.833	1
26.594	-4.79995	17.6943	393.027	1
26.4545	-2.22583	22.1589	389.907	1
25.3074	0.309281	25.5325	388.315	1
23.0249	2.83565	27.7423	388.391	1
20.0436	5.37678	29.2908	389.471	1
15.815	7.96656	29.6902	392.291	1
11.5356	10.5947	30.0847	395.194	1
10.3407	13.1193	33.3851	393.901	1
9.54744	15.6062	37.0346	392.119	1
8.4782	18.0889	40.3911	390.78	1
7.35921	20.5589	43.6793	389.566	1
5.93871	23.0376	46.6847	388.808	1
4.52992	25.5076	49.6671	388.098	1
2.63399	28.0145	52.2443	388.065	1
0.493639	30.5453	54.6131	388.396	1
-2.21618	33.1442	56.5392	389.495	1
-5.80337	35.8582	57.7866	391.751	1
-9.43769	38.605	59.0523	394.078	1
-15.7747	41.7366	58.2941	399.847	1
299.206	0.110788	299.402	0.999986	-1
299.201	0.117182	299.41	1	-1
299.197	0.123564	299.417	0.999995	-1
299.193	0.129933	299.424	1.00001	-1
299.189	0.136287	299.431	1	-1
299.185	0.142626	299.438	1.00002	-1
299.181	0.148949	299.446	1.00001	-1
299.177	0.155257	299.453	1.00002	-1
299.174	0.161547	299.461	1.00001	-1
299.17	0.167819	299.468	1.00001	-1
105.645	-53.9375	7.10036	355.631	1
102.176	-51.9382	7.26431	357.108	1
98.6786	-49.9192	7.4465	358.622	1
95.1538	-47.882	7.63577	360.183	1
91.6151	-45.8252	7.82621	361.787	1
88.0242	-43.7516	8.01897	363.457	1
84.4166	-41.6572	8.21303	365.173	1
80.7529	-39.5444	8.4096	366.958	1
77.0173	-37.4181	8.5398	368.877	1
73.2086	-35.2741	8.63257	370.909	1
69.3535	-33.1063	8.72655	373.007	1
65.461	-30.914	8.82131	375.166	1
61.5159	-28.6948	8.91746	377.395	1
57.5579	-26.4461	9.04868	379.645	1
53.5656	-24.1686	9.20436	381.937	1
49.5218	-21.8641	9.35281	384.309	1
45.4508	-19.5283	9.53845	386.71	1
41.2388	-17.1684	9.62284	389.321	1
36.9094	-14.7793	9.6515	392.094	1
32.4923	-12.3572	9.63748	394.998	1
27.8952	-9.90318	9.49891	398.158	1
26.3339	-7.32584	12.6348	396.895	1
26.6055	-4.73273	17.6331	393.062	1
26.4697	-2.19231	22.1265	389.92	1
25.3074	0.309281	25.5325	388.315	1
22.9964	2.80218	27.7613	388.398	1
19.9812	5.31017	29.3005	389.509	1
15.7309	7.86613	29.7036	392.34	1
11.3943	10.4606	30.1039	395.28	1
10.306	12.947	33.5378	393.818	1
9.48613	15.4012	37.1843	392.056	1
8.40409	17.8498	40.5731	390.703	1
7.24557	20.2878	43.8577	389.52	1
5.81156	22.7334	46.8843	388.756	1
4.38556	25.1699	49.8948	388.039	1
2.40301	27.6491	52.4309	388.097	1
0.214602	30.1513	54.7846	388.473	1
-2.65049	32.7305	56.6188	389.747	1
-6.28537	35.4124	57.8765	392.031	1
-9.94829	38.1262	59.1471	394.375	1
-16.9365	41.2995	57.9326	400.938	1
299.205	0.10933	299.403	1.00001	-1
299.201	0.11564	299.41	1	-1
299.196	0.121938	299.418	0.999997	-1
299.192	0.128222	299.425	1.00001	-1
299.188	0.134491	299.432	0.999999	-1
299.184	0.140747	299.439	1.00001	-1
299.18	0.146986	299.447	1	-1
299.176	0.15321	299.454	1.00001	-1
299.172	0.159417	299.462	0.999999	-1
299.169	0.165606	299.469	1.00001	-1
106.317	-53.1295	7.10805	355.136	1
102.82	-51.1635	7.27172	356.634	1
99.3103	-49.1761	7.45272	358.16	1
95.7737	-47.1707	7.64123	359.732	1
92.1861	-45.1491	7.83199	361.368	1
88.5825	-43.1074	8.02401	363.05	1
84.9429	-41.0465	8.21791	364.789	1
81.258	-38.9671	8.40371	366.599	1
77.4811	-36.8775	8.49713	368.576	1
73.6402	-34.7664	8.59267	370.629	1
69.7718	-32.6305	8.68852	372.736	1
65.8458	-30.4712	8.78613	374.916	1
61.8775	-28.2854	8.88466	377.161	1
57.8916	-26.0694	9.02763	379.422	1
53.8804	-23.825	9.18115	381.73	1
49.8097	-21.5534	9.33239	384.119	1
45.7126	-19.2507	9.52231	386.536	1
41.4731	-16.9251	9.60852	389.166	1
37.1291	-14.5695	9.64234	391.945	1
32.6792	-12.1817	9.63931	394.865	1
28.0376	-9.76236	9.5002	398.057	1
26.3515	-7.22318	12.5419	396.948	1
26.6172	-4.66483	17.572	393.097	1
26.4791	-2.15848	22.112	389.923	1
25.3074	0.309281	25.5325	388.315	1
22.9816	2.76852	27.7702	388.402	1
19.9188	5.24298	29.3103	389.546	1
15.6249	7.76519	29.7197	392.404	1
11.2639	10.3253	30.122	395.36	1
10.2712	12.7732	33.6903	393.734	1
9.42188	15.194	37.3421	391.989	1
8.32995	17.609	40.7549	390.627	1
7.13567	20.0151	44.029	389.476	1
5.68434	22.427	47.0838	388.705	1
4.24912	24.83	50.1072	387.984	1
2.17724	27.2812	52.6119	388.128	1
-0.0709761	29.7534	54.9606	388.551	1
-3.09457	32.3123	56.7007	390.006	1
-6.74821	34.9613	57.9608	392.301	1
-10.46	37.6429	59.2417	394.673	1
-18.1302	40.8587	57.5619	402.06	1
299.204	0.107861	299.404	1.00001	-1
299.2	0.114086	299.411	0.999997	-1
299.195	0.120298	299.418	0.999995	-1
299.191	0.126497	299.426	1.00001	-1
299.187	0.132682	299.433	1	-1
299.183	0.138852	299.44	0.99999	-1
299.179	0.145007	299.448	0.999983	-1
299.175	0.151147	299.455	1.00002	-1
299.171	0.15727	299.463	1.00001	-1
299.167	0.163375	299.471	1.00001	-1
106.972	-52.3192	7.11914	354.65	1
103.462	-50.3852	7.2793	356.162	1
99.9224	-48.4313	7.45964	357.71	1
96.3557	-46.4593	7.64792	359.304	1
92.7743	-44.4679	7.83739	360.942	1
89.1396	-42.4598	8.02922	362.646	1
85.479	-40.4326	8.22258	364.401	1
81.7332	-38.3918	8.35915	366.29	1
77.9247	-36.335	8.45531	368.288	1
74.071	-34.2557	8.5527	370.35	1
70.1698	-32.1529	8.65136	372.478	1
66.219	-30.0257	8.75138	374.674	1
62.2365	-27.8723	8.85184	376.929	1
58.2341	-25.6892	9.00607	379.194	1
54.1836	-23.479	9.15843	381.531	1
50.0766	-21.2413	9.31313	383.942	1
45.9641	-18.972	9.50648	386.369	1
41.6956	-16.68	9.59456	389.018	1
37.3262	-14.3588	9.63353	391.812	1
32.8547	-12.0052	9.64086	394.739	1
28.1798	-9.6205	9.50148	397.955	1
26.3692	-7.1201	12.4484	397.002	1
26.6289	-4.59639	17.511	393.132	1
26.4944	-2.12441	22.0796	389.935	1
25.3074	0.309281	25.5325	388.315	1
22.953	2.73458	27.7892	388.409	1
19.8564	5.17523	29.3201	389.583	1
15.5296	7.66337	29.7345	392.461	1
11.1334	10.1889	30.1401	395.439	1
10.2383	12.5982	33.8325	393.657	1
9.35733	14.986	37.5006	391.923	1
8.2618	17.3666	40.9195	390.558	1
7.02138	19.7407	44.2082	389.43	1
5.56505	22.1184	47.268	388.657	1
4.10889	24.4867	50.3264	387.928	1
1.96313	26.9103	52.781	388.159	1
-0.343158	29.3518	55.1261	388.627	1
-3.52175	31.8907	56.7777	390.256	1
-7.23208	34.5071	58.0506	392.584	1
-11.2854	37.1923	59.0944	395.37	1
-19.2875	40.4072	57.2003	403.149	1
299.203	0.10638	299.405	1.00001	-1
299.199	0.112519	299.412	1	-1
299.195	0.118645	299.419	0.999995	-1
299.19	0.124758	299.427	1.00001	-1
299.186	0.130857	299.434	0.999997	-1
299.182	0.136942	299.441	1.00001	-1
299.178	0.143013	299.449	1	-1
299.174	0.149067	299.457	1.00001	-1
299.17	0.155105	299.464	0.999998	-1
299.166	0.161126	299.472	1.00001	-1
107.632	-51.5034	7.14146	354.153	1
104.084	-49.6051	7.28748	355.703	1
100.533	-47.683	7.46673	357.262	1
96.9547	-45.7428	7.65425	358.867	1
93.3351	-43.7866	7.84369	360.531	1
89.6877	-41.8105	8.03477	362.247	1
85.9956	-39.8168	8.2172	364.034	1
82.1995	-37.8146	8.31492	365.988	1
78.3677	-35.7894	8.41341	368.001	1
74.4817	-33.7431	8.51358	370.083	1
70.5672	-31.6724	8.61412	372.221	1
66.6026	-29.5775	8.71604	374.427	1
62.5769	-27.4587	8.81986	376.709	1
58.5651	-25.3066	8.9851	378.973	1
54.4865	-23.1308	9.13567	381.332	1
50.3639	-20.9264	9.29268	383.754	1
46.2153	-18.6915	9.49062	386.202	1
41.9192	-16.434	9.58053	388.869	1
37.5231	-14.1467	9.62468	391.679	1
33.0233	-11.8274	9.63615	394.623	1
28.3221	-9.47769	9.50274	397.853	1
26.3871	-7.0157	12.3557	397.055	1
26.6408	-4.52738	17.45	393.167	1
26.5068	-2.09013	22.0561	389.943	1
25.3074	0.309281	25.5325	388.315	1
22.9382	2.70032	27.7981	388.413	1
19.7939	5.107	29.3299	389.62	1
15.4349	7.56038	29.7493	392.517	1
11.0029	10.0514	30.1583	395.518	1
10.2052	12.4223	33.9754	393.579	1
9.29591	14.7762	37.65	391.861	1
8.18761	17.1223	41.1011	390.482	1
6.9113	19.4639	44.3792	389.386	1
5.43766	21.8073	47.4672	388.607	1
3.93501	24.1446	50.507	387.923	1
1.73693	26.5366	52.9618	388.192	1
-0.615631	28.947	55.2916	388.703	1
-3.94771	31.4639	56.8538	390.505	1
-7.69693	34.0472	58.1345	392.856	1
-12.3347	36.7615	58.7637	396.358	1
299.207	0.0988245	299.398	1.00001	-1
299.203	0.104888	299.406	1	-1
299.198	0.110939	299.413	1	-1
299.194	0.116979	299.42	0.999992	-1
299.189	0.123006	299.428	1.00001	-1
299.185	0.129019	299.435	1	-1
299.181	0.135018	299.442	1.00001	-1
299.177	0.141002	299.45	1.00001	-1
299.173	0.146971	299.458	0.999989	-1
299.169	0.152924	299.465	0.999995	-1
299.165	0.15886	299.473	0.999984	-1
108.273	-50.6861	7.16397	353.668	1
104.705	-48.8216	7.29582	355.246	1
101.124	-46.9329	7.47452	356.827	1
97.5342	-45.0246	7.66127	358.443	1
93.8918	-43.1003	7.85031	360.125	1
90.224	-41.1579	8.04084	361.856	1
86.4702	-39.2034	8.17116	363.725	1
82.6622	-37.2328	8.27068	365.688	1
78.8016	-35.242	8.37185	367.72	1
74.9027	-33.2276	8.47388	369.811	1
70.9552	-31.1902	8.57725	371.97	1
66.9658	-29.1277	8.68158	374.192	1
62.9258	-27.0416	8.78734	376.484	1
58.8975	-24.9226	8.96404	378.753	1
54.789	-22.7804	9.11288	381.133	1
50.6302	-20.6104	9.27341	383.578	1
46.4663	-18.409	9.47472	386.035	1
42.1413	-16.1856	9.5665	388.722	1
37.7198	-13.9331	9.6158	391.546	1
33.1902	-11.6489	9.62869	394.511	1
28.4642	-9.3338	9.50399	397.752	1
26.4051	-6.91086	12.2624	397.108	1
26.6527	-4.45794	17.3891	393.202	1
26.5192	-2.05535	22.0328	389.951	1
25.3074	0.309281	25.5325	388.315	1
22.9097	2.66578	27.8171	388.42	1
19.7314	5.03806	29.3397	389.657	1
15.3508	7.45658	29.7629	392.567	1
10.8724	9.91265	30.1765	395.598	1
10.1722	12.2448	34.1174	393.502	1
9.23764	14.5648	37.7902	391.802	1
8.11273	16.8767	41.2595	390.422	1
6.80116	19.185	44.5501	389.343	1
5.31822	21.4942	47.6511	388.561	1
3.73984	23.8027	50.6599	387.953	1
1.52238	26.1598	53.1307	388.224	1
-0.888417	28.5389	55.457	388.78	1
-4.36561	31.0333	56.9273	390.75	1
-8.1426	33.5823	58.2127	393.117	1
-13.3952	36.3271	58.4296	397.357	1
299.207	0.0974082	299.399	0.999987	-1
299.202	0.103384	299.406	1	-1
299.197	0.109348	299.414	0.999997	-1
299.193	0.1153	299.421	0.999991	-1
299.188	0.12124	299.428	0.999985	-1
299.184	0.127166	299.436	1	-1
299.18	0.133079	299.443	1.00001	-1
299.176	0.138976	299.451	0.999999	-1
299.172	0.144859	299.459	1.00001	-1
299.168	0.150726	299.466	0.999998	-1
299.164	0.156576	299.474	1.00001	-1
108.911	-49.8657	7.18458	353.189	1
105.307	-48.0364	7.30476	354.801	1
101.715	-46.1795	7.48248	356.393	1
98.0944	-44.3046	7.669	358.031	1
94.4396	-42.4124	7.85728	359.724	1
90.7321	-40.5053	8.02442	361.502	1
86.9361	-38.5882	8.12547	363.423	1
83.1079	-36.6505	8.22721	365.4	1
79.2321	-34.6902	8.33028	367.441	1
75.3012	-32.7092	8.43509	369.553	1
71.3404	-30.7041	8.54035	371.721	1
67.3285	-28.6753	8.64705	373.958	1
63.2632	-26.6219	8.75526	376.267	1
59.2185	-24.5363	8.94357	378.539	1
55.0799	-22.4278	9.09058	380.942	1
50.8962	-20.2922	9.25411	383.403	1
46.707	-18.1256	9.45915	385.875	1
42.3531	-15.9363	9.5528	388.581	1
37.9058	-13.7186	9.60707	391.42	1
33.3452	-11.4692	9.62139	394.406	1
28.6062	-9.18893	9.50522	397.651	1
26.4232	-6.80494	12.1699	397.161	1
26.6646	-4.38793	17.3283	393.236	1
26.5287	-2.02052	22.0185	389.954	1
25.3074	0.309281	25.5325	388.315	1
22.8948	2.63107	27.826	388.424	1
19.669	4.96877	29.3495	389.695	1
15.2448	7.35233	29.7791	392.631	1
10.7419	9.77297	30.1948	395.677	1
10.1409	12.0663	34.2498	393.43	1
9.17617	14.352	37.9393	391.74	1
8.0337	16.6297	41.4261	390.361	1
6.69524	18.9039	44.7127	389.303	1
5.1987	21.1788	47.8349	388.515	1
3.53899	23.4575	50.8179	387.983	1
1.30762	25.7803	53.2995	388.256	1
-1.14776	28.1274	55.6119	388.853	1
-4.78438	30.5992	57.0007	390.997	1
-8.60935	33.1141	58.2964	393.392	1
-14.4136	35.8809	58.1059	398.317	1
299.206	0.0959813	299.4	1.00001	-1
299.201	0.101869	299.407	1	-1
299.197	0.107745	299.414	0.999995	-1
299.192	0.113609	299.422	1.00001	-1
299.188	0.119461	299.429	0.999984	-1
299.183	0.1253	299.437	0.999997	-1
299.179	0.131125	299.444	1.00001	-1
299.175	0.136935	299.452	1	-1
299.171	0.142731	299.46	0.999988	-1
299.167	0.148511	299.468	0.999996	-1
299.163	0.154275	299.475	1	-1
109.523	-49.0454	7.19604	352.734	1
105.907	-47.2478	7.31384	354.358	1
102.285	-45.4244	7.49112	355.972	1
98.6534	-43.5815	7.67688	357.621	1
94.9788	-41.7229	7.86459	359.329	1
91.2089	-39.8553	7.97685	361.192	1
87.4012	-37.9697	8.07969	363.122	1
83.5501	-36.0638	8.18373	365.113	1
79.6455	-34.138	8.28949	367.174	1
75.7098	-32.1879	8.39573	369.29	1
71.7163	-30.2163	8.50382	371.479	1
67.6818	-28.2213	8.61288	373.731	1
63.5945	-26.2003	8.72781	376.05	1
59.5254	-24.1479	8.92036	378.336	1
55.3723	-22.074	9.06819	380.751	1
51.162	-19.9721	9.23481	383.228	1
46.9448	-17.8396	9.44205	385.719	1
42.5761	-15.6854	9.53868	388.434	1
38.0904	-13.5022	9.5983	391.295	1
33.5109	-11.2879	9.61387	394.294	1
28.7481	-9.04311	9.50643	397.55	1
26.4415	-6.69838	12.0768	397.214	1
26.6767	-4.31731	17.2675	393.271	1
26.5442	-1.98526	21.9862	389.966	1
25.3074	0.309281	25.5325	388.315	1
22.8662	2.5961	27.8449	388.43	1
19.6065	4.89888	29.3593	389.732	1
15.1608	7.24694	29.7927	392.68	1
10.6414	9.63142	30.2299	395.723	1
10.1077	11.8867	34.3925	393.353	1
9.11754	14.1382	38.0803	391.682	1
7.95499	16.3804	41.5915	390.299	1
6.58873	18.6216	44.8763	389.262	1
5.0791	20.8613	48.0185	388.469	1
3.34988	23.1098	50.9641	388.013	1
1.09264	25.3978	53.4681	388.289	1
-1.41359	27.7121	55.7713	388.929	1
-5.20387	30.1606	57.0739	391.244	1
-9.05691	32.6408	58.3744	393.655	1
-15.443	35.4312	57.779	399.288	1
299.205	0.094544	299.401	1.00001	-1
299.2	0.100342	299.408	1	-1
299.196	0.10613	299.415	0.999996	-1
299.191	0.111906	299.423	0.999991	-1
299.187	0.117669	299.43	1	-1
299.182	0.12342	299.438	0.999997	-1
299.178	0.129157	299.445	0.999989	-1
299.174	0.13488	299.453	0.999996	-1
299.17	0.140588	299.461	1.00001	-1
299.166	0.146281	299.469	0.999999	-1
299.162	0.151957	299.476	1	-1
110.127	-48.2235	7.20771	352.285	1
106.488	-46.4576	7.32352	353.928	1
102.855	-44.666	7.49993	355.552	1
99.2038	-42.8567	7.68509	357.217	1
95.4807	-41.0353	7.82487	358.996	1
91.6848	-39.2021	7.92921	360.884	1
87.8469	-37.3494	8.03473	362.833	1
83.9756	-35.4766	8.14101	364.838	1
80.0556	-33.5815	8.24868	366.909	1
76.0986	-31.6649	8.35723	369.039	1
72.0917	-29.7259	8.46721	371.237	1
68.0324	-27.7636	8.57871	373.505	1
63.9302	-25.7759	8.70621	375.826	1
59.8333	-23.7583	8.89648	378.135	1
55.6532	-21.718	9.04629	380.567	1
51.4275	-19.6501	9.21549	383.054	1
47.1836	-17.5527	9.42471	385.562	1
42.7759	-15.4328	9.52531	388.301	1
38.276	-13.285	9.58951	391.17	1
33.6656	-11.1058	9.60651	394.19	1
28.866	-8.89669	9.50709	397.466	1
26.4596	-6.59081	11.9964	397.258	1
26.6886	-4.24627	17.2186	393.297	1
26.5537	-1.94994	21.9719	389.97	1
25.3074	0.309281	25.5325	388.315	1
22.8514	2.56073	27.8538	388.435	1
19.5441	4.82854	29.3692	389.769	1
15.0767	7.1408	29.8064	392.73	1
10.6189	9.48593	30.3368	395.664	1
10.0764	11.7059	34.5247	393.281	1
9.05918	13.9224	38.2202	391.624	1
7.8858	16.1301	41.7323	390.247	1
6.48267	18.3366	45.0387	389.222	1
4.95941	20.5415	48.202	388.424	1
3.15511	22.7591	51.1155	388.044	1
0.883953	25.0121	53.6301	388.322	1
-1.76379	27.3024	55.853	389.12	1
-5.60404	29.7175	57.1416	391.481	1
-9.50541	32.1631	58.4521	393.921	1
-16.4525	34.9723	57.4572	400.24	1
299.204	0.0930964	299.401	0.999986	-1
299.2	0.0988053	299.409	0.999999	-1
299.195	0.104503	299.416	0.999993	-1
299.19	0.11019	299.424	1.00001	-1
299.186	0.115864	299.431	1	-1
299.181	0.121526	299.439	1.00002	-1
299.177	0.127175	299.446	0.999989	-1
299.173	0.132809	299.454	1	-1
299.169	0.138429	299.462	0.999987	-1
299.165	0.144034	299.47	0.999997	-1
299.161	0.149623	299.478	1.00001	-1
110.719	-47.3984	7.21972	351.844	1
107.072	-45.6633	7.33934	353.492	1
103.424	-43.9045	7.50888	355.135	1
99.7268	-42.1321	7.67083	356.848	1
95.9597	-40.3488	7.77578	358.686	1
92.1416	-38.547	7.88238	360.588	1
88.2917	-36.726	7.98969	362.546	1
84.3975	-34.885	8.09829	364.566	1
80.4676	-33.0234	8.20772	366.644	1
76.4868	-31.1392	8.31864	368.79	1
72.4579	-29.2339	8.43096	371.002	1
68.3738	-27.3045	8.5449	373.286	1
64.2655	-25.3491	8.68461	375.604	1
60.1389	-23.3655	8.87263	377.934	1
55.9338	-21.36	9.02435	380.383	1
51.6832	-19.3269	9.19671	382.885	1
47.411	-17.264	9.40799	385.413	1
42.9768	-15.1794	9.51187	388.168	1
38.4603	-13.0658	9.58068	391.046	1
33.8202	-10.9226	9.59912	394.086	1
29.0078	-8.74902	9.50828	397.365	1
26.4778	-6.48253	11.916	397.302	1
26.7008	-4.17456	17.1579	393.331	1
26.5663	-1.91431	21.9486	389.977	1
25.3074	0.309281	25.5325	388.315	1
22.8228	2.52524	27.8727	388.442	1
19.4817	4.75761	29.3791	389.806	1
14.9707	7.03415	29.8227	392.794	1
10.5948	9.33954	30.4543	395.598	1
10.045	11.524	34.6569	393.209	1
9.00048	13.7058	38.3609	391.566	1
7.81005	15.878	41.8897	390.19	1
6.38032	18.0502	45.1939	389.184	1
4.84769	20.2199	48.3703	388.383	1
2.96563	22.4063	51.2614	388.075	1
0.673946	24.6245	53.7932	388.356	1
-2.12845	26.8918	55.9138	389.336	1
-6.0049	29.271	57.2092	391.718	1
-9.93459	31.6804	58.5241	394.175	1
-17.4676	34.5075	57.1334	401.199	1
299.204	0.0916388	299.402	0.999984	-1
299.199	0.0972574	299.409	1	-1
299.194	0.102865	299.417	0.999992	-1
299.19	0.108462	299.424	0.999989	-1
299.185	0.114047	299.432	1	-1
299.18	0.119619	299.44	1.00002	-1
299.176	0.125179	299.447	1.00001	-1
299.172	0.130724	299.455	0.999994	-1
299.168	0.136255	299.463	0.999985	-1
299.163	0.141772	299.471	0.999992	-1
299.159	0.147272	299.479	0.999996	-1
111.309	-46.57	7.23184	351.406	1
107.637	-44.8675	7.35524	353.069	1
103.97	-43.1422	7.51353	354.736	1
100.213	-41.4095	7.62	356.533	1
96.4272	-39.659	7.72709	358.383	1
92.5975	-37.8887	7.83546	360.294	1
88.7357	-36.0995	7.94457	362.26	1
84.8215	-34.2919	8.0554	364.293	1
80.8682	-32.4625	8.16718	366.386	1
76.866	-30.6119	8.28041	368.546	1
72.8128	-28.7393	8.39514	370.774	1
68.706	-26.8439	8.51146	373.073	1
64.5915	-24.9209	8.66349	375.387	1
60.435	-22.9714	8.84921	377.74	1
56.2141	-20.9999	9.00239	380.2	1
51.937	-19.0011	9.17799	382.719	1
47.6383	-16.9736	9.39125	385.264	1
43.1878	-14.9238	9.49804	388.029	1
38.6339	-12.8459	9.572	390.929	1
33.9639	-10.7387	9.59189	393.989	1
29.1255	-8.60077	9.50891	397.281	1
26.4962	-6.37339	11.8357	397.346	1
26.7129	-4.10216	17.1096	393.357	1
26.5788	-1.87833	21.9254	389.985	1
25.3074	0.309281	25.5325	388.315	1
22.8079	2.48948	27.8816	388.446	1
19.4192	4.68629	29.3889	389.843	1
14.8866	6.92639	29.8364	392.843	1
10.5736	9.19235	30.5511	395.544	1
10.0154	11.3408	34.7787	393.144	1
8.94494	13.4875	38.4925	391.511	1
7.73424	15.6242	42.047	390.132	1
6.27789	17.7619	45.349	389.147	1
4.72784	19.896	48.5535	388.339	1
2.78142	22.0516	51.4019	388.106	1
0.470241	24.2338	53.9497	388.389	1
-2.49174	26.4765	55.9738	389.552	1
-6.40653	28.8208	57.2767	391.957	1
-10.3646	31.194	58.5959	394.43	1
-18.4638	34.0341	56.8139	402.141	1
299.203	0.0901711	299.403	0.999984	-1
299.198	0.095699	299.41	0.999999	-1
299.193	0.101216	299.418	0.999994	-1
299.189	0.106723	299.425	1.00001	-1
299.184	0.112217	299.433	1	-1
299.18	0.1177	299.44	0.999992	-1
299.175	0.123169	299.448	1.00001	-1
299.171	0.128625	299.456	0.999999	-1
299.167	0.134067	299.464	1	-1
299.162	0.139494	299.472	0.999991	-1
299.158	0.144906	299.48	1	-1
111.871	-45.7426	7.2291	350.998	1
108.182	-44.0729	7.34329	352.682	1
104.459	-42.3866	7.46128	354.418	1
100.691	-40.6851	7.56948	356.223	1
96.8938	-38.966	7.67832	358.082	1
93.045	-37.2287	7.78887	360.005	1
89.1606	-35.4713	7.90027	361.986	1
85.234	-33.6957	8.01293	364.028	1
81.2573	-31.8986	8.12706	366.136	1
77.2339	-30.0818	8.24259	368.31	1
73.167	-28.2421	8.35924	370.547	1
69.0463	-26.3799	8.47751	372.855	1
64.9061	-24.4904	8.64295	375.177	1
60.7215	-22.5761	8.82619	377.553	1
56.4736	-20.6386	8.98138	380.03	1
52.1811	-18.6742	9.15981	382.558	1
47.8653	-16.6815	9.37451	385.115	1
43.3769	-14.6674	9.48494	387.904	1
38.8073	-12.6247	9.56329	390.813	1
34.1183	-10.5532	9.58444	393.885	1
29.2672	-8.45123	9.51007	397.18	1
26.5146	-6.26361	11.7556	397.389	1
26.7252	-4.02951	17.049	393.391	1
26.5884	-1.84212	21.9112	389.988	1
25.3074	0.309281	25.5325	388.315	1
22.793	2.45342	27.8905	388.45	1
19.3784	4.61415	29.3963	389.867	1
14.8026	6.81793	29.8502	392.893	1
10.5494	9.0443	30.6684	395.478	1
9.98397	11.1564	34.9107	393.073	1
8.88936	13.268	38.624	391.457	1
7.6649	15.3691	42.1875	390.081	1
6.17916	17.4722	45.497	389.111	1
4.61595	19.5702	48.7215	388.298	1
2.59804	21.6935	51.5412	388.137	1
0.26633	23.8404	54.106	388.423	1
-2.8468	26.0581	56.0312	389.764	1
-6.80003	28.367	57.3415	392.191	1
-10.9162	30.7156	58.574	394.84	1
-19.4462	33.5542	56.4976	403.07	1
299.202	0.0886937	299.403	1	-1
299.198	0.0941302	299.411	0.999999	-1
299.193	0.0995563	299.418	0.999992	-1
299.188	0.104972	299.426	1.00001	-1
299.183	0.110375	299.434	1	-1
299.179	0.115767	299.441	0.99999	-1
299.174	0.121146	299.449	1	-1
299.17	0.126512	299.457	1.00002	-1
299.166	0.131864	299.465	1	-1
299.161	0.137201	299.473	1.00001	-1
299.157	0.142523	299.481	0.999995	-1
112.367	-44.9251	7.15207	350.691	1
108.664	-43.2867	7.2642	352.388	1
104.944	-41.6284	7.40544	354.106	1
101.168	-39.9575	7.51887	355.916	1
97.3489	-38.2699	7.62996	357.788	1
93.4812	-36.5656	7.74268	359.724	1
89.577	-34.8414	7.8563	361.718	1
85.6273	-33.0979	7.97128	363.775	1
81.6377	-31.3333	8.08728	365.892	1
77.6012	-29.5491	8.2047	368.075	1
73.5014	-27.7434	8.32421	370.332	1
69.3667	-25.9144	8.44443	372.65	1
65.2203	-24.0577	8.6224	374.968	1
61.0168	-22.1777	8.80259	377.36	1
56.7328	-20.2754	8.96033	379.861	1
52.425	-18.3455	9.14161	382.398	1
48.0809	-16.3878	9.35838	384.973	1
43.5876	-14.4088	9.47104	387.765	1
38.9806	-12.4022	9.55455	390.696	1
34.2726	-10.3667	9.57697	393.782	1
29.3848	-8.30117	9.51067	397.096	1
26.5332	-6.15288	11.6755	397.433	1
26.7374	-3.95639	17.0003	393.417	1
26.604	-1.80581	21.879	390	1
25.3074	0.309281	25.5325	388.315	1
22.7644	2.4172	27.9094	388.457	1
19.316	4.5418	29.4063	389.904	1
14.7185	6.70879	29.864	392.943	1
10.5281	8.89524	30.7651	395.424	1
9.95421	10.9713	35.0332	393.007	1
8.83375	13.0469	38.7554	391.404	1
7.58899	15.1122	42.3446	390.024	1
6.08089	17.18	45.6437	389.077	1
4.50399	19.2424	48.8894	388.259	1
2.41995	21.3334	51.6751	388.168	1
0.0620495	23.4453	54.2405	388.472	1
-3.20252	25.6367	56.0885	389.977	1
-7.19207	27.9082	57.4056	392.426	1
-11.7925	30.2639	58.2889	395.67	1
299.207	0.0818526	299.396	1.00001	-1
299.202	0.0872066	299.404	1	-1
299.197	0.0925511	299.411	0.999995	-1
299.192	0.0978854	299.419	0.999993	-1
299.187	0.103209	299.427	1.00001	-1
299.183	0.108521	299.434	0.999997	-1
299.178	0.113822	299.442	0.999992	-1
299.173	0.11911	299.45	1	-1
299.169	0.124385	299.458	0.999997	-1
299.165	0.129646	299.466	1.00001	-1
299.16	0.134893	299.474	1.00001	-1
299.156	0.140125	299.482	0.999993	-1
112.865	-44.1033	7.08026	350.381	1
109.14	-42.4983	7.17664	352.107	1
105.398	-40.8731	7.31417	353.844	1
101.626	-39.2281	7.46906	355.62	1
97.7886	-37.5734	7.5823	357.504	1
93.9165	-35.8996	7.69641	359.445	1
89.9898	-34.2073	7.81233	361.453	1
86.0277	-32.4961	7.92915	363.518	1
82.0095	-30.7663	8.04784	365.653	1
77.9488	-29.0149	8.16767	367.852	1
73.8438	-27.2412	8.28867	370.114	1
69.6865	-25.4466	8.41128	372.446	1
65.5233	-23.6227	8.60244	374.766	1
61.2916	-21.7782	8.77993	377.18	1
56.9917	-19.9102	8.93926	379.692	1
52.6686	-18.015	9.12341	382.239	1
48.2978	-16.0931	9.34216	384.831	1
43.7763	-14.1495	9.45788	387.641	1
39.1538	-12.1784	9.54578	390.58	1
34.4041	-10.1795	9.56984	393.693	1
29.5023	-8.15022	9.51126	397.013	1
26.5519	-6.0415	11.5955	397.476	1
26.7497	-3.88267	16.9522	393.442	1
26.6137	-1.76915	21.8648	390.003	1
25.3074	0.309281	25.5325	388.315	1
22.7495	2.38074	27.9182	388.461	1
19.2536	4.46897	29.4162	389.941	1
14.6345	6.59879	29.8778	392.992	1
10.5068	8.74558	30.8618	395.371	1
9.92457	10.7848	35.1548	392.942	1
8.77811	12.8247	38.8868	391.35	1
7.51953	14.8539	42.4849	389.974	1
5.97825	16.8862	45.7985	389.04	1
4.39626	18.9123	49.049	388.221	1
2.24168	20.971	51.8089	388.199	1
-0.168505	23.0487	54.3752	388.541	1
-3.55881	25.2116	56.1456	390.19	1
-7.57589	27.4467	57.467	392.656	1
-12.6783	29.8092	58.0011	396.509	1
299.206	0.0804488	299.397	0.999988	-1
299.201	0.0857101	299.405	1	-1
299.196	0.090962	299.412	1.00002	-1
299.191	0.0962039	299.42	0.99999	-1
299.186	0.101435	299.427	0.999985	-1
299.182	0.106656	299.435	0.999996	-1
299.177	0.111864	299.443	0.99999	-1
299.173	0.117061	299.451	0.999982	-1
299.168	0.122244	299.459	1.00001	-1
299.164	0.127414	299.467	1	-1
299.159	0.13257	299.475	1.00001	-1
