2198 4
25.3788 6.38962e-05 25.3788 1
73.178 -81.4377 6.69189 1
70.8723 -78.1901 7.03432 1
68.5164 -74.9445 7.32948 1
66.0965 -71.7098 7.55672 1
63.6567 -68.4656 7.76533 1
61.223 -65.2064 7.97449 1
58.7527 -61.9365 8.18502 1
56.2869 -58.6501 8.39621 1
53.8036 -55.3489 8.6085 1
51.3132 -52.0319 8.82169 1
48.8022 -48.6961 9.03668 1
46.2989 -45.342 9.25806 1
43.7628 -41.9697 9.48129 1
41.2244 -38.5767 9.70335 1
38.595 -35.1728 9.86378 1
35.8913 -31.7517 9.94884 1
32.9848 -28.325 9.84475 1
30.0653 -24.8662 9.73933 1
27.1077 -21.3744 9.63258 1
24.8594 -17.8025 10.2987 1
25.2809 -14.0758 13.7716 1
25.7566 -10.4018 17.2305 1
26.2266 -6.78087 20.6636 1
25.9542 -3.22063 23.2918 1
25.3074 0.309281 25.5325 1
24.0029 3.82796 27.0829 1
22.3654 7.3529 28.3409 1
20.2099 10.905 29.0682 1
17.4526 14.5079 29.2598 1
14.6773 18.1468 29.4522 1
11.881 21.8245 29.6446 1
11.1249 25.3584 31.7864 1
10.8075 28.8383 34.301 1
10.3814 32.3087 36.7136 1
9.75692 35.7849 38.9236 1
9.12362 39.2522 41.1208 1
8.26551 42.7408 43.1018 1
7.4818 46.2133 45.1481 1
6.69683 49.6788 47.2034 1
6.06121 53.113 49.3631 1
5.42554 56.5402 51.5219 1
4.56614 60.0045 53.504 1
3.38064 63.5407 55.1885 1
2.05052 67.1148 56.7766 1
0.562327 70.7347 58.2503 1
-1.07948 74.411 59.5986 1
-3.14937 78.2142 60.6412 1
-5.42235 82.1014 61.532 1
-7.82757 86.0598 62.3559 1
-10.4318 90.1101 63.0635 1
-15.4538 94.9302 61.9772 1
74.2663 -80.7658 6.72067 1
71.9247 -77.5511 7.06122 1
69.5101 -74.3453 7.33744 1
67.0605 -71.14 7.55973 1
64.5849 -67.9267 7.76778 1
62.0941 -64.7006 7.97679 1
59.5986 -61.4609 8.18654 1
57.0838 -58.2039 8.39755 1
54.5628 -54.9319 8.60941 1
52.0343 -51.6439 8.82218 1
49.474 -48.3385 9.03652 1
46.9143 -45.0135 9.25176 1
44.3378 -41.6688 9.47418 1
41.7605 -38.3027 9.698 1
39.1263 -34.9207 9.89859 1
36.3523 -31.5299 9.96349 1
33.4133 -28.1282 9.85766 1
30.4377 -24.6953 9.75055 1
27.4361 -21.2299 9.64249 1
24.883 -17.6992 10.0478 1
25.2979 -13.9928 13.5667 1
25.7695 -10.3388 17.0851 1
26.2353 -6.73878 20.5637 1
25.9691 -3.19924 23.2473 1
25.3074 0.309281 25.5325 1
23.9611 3.8066 27.1122 1
22.3001 7.31046 28.3708 1
20.0611 10.843 29.088 1
17.2707 14.4252 29.2842 1
14.439 18.0448 29.4837 1
11.5724 21.7039 29.6829 1
11.065 25.1952 32.0794 1
10.7363 28.6501 34.6505 1
10.2562 32.101 37.0453 1
9.61906 35.5549 39.2886 1
8.9403 39.0011 41.4992 1
8.0634 42.4665 43.5191 1
7.25774 45.9144 45.5996 1
6.48844 49.3509 47.6991 1
5.8363 52.7611 49.8984 1
5.18758 56.1636 52.0877 1
4.16888 59.6321 53.9791 1
2.938 63.1483 55.6798 1
1.48733 66.7217 57.2141 1
-0.0436306 70.3272 58.7013 1
-1.88773 74.0224 59.9448 1
-4.08265 77.8306 60.9386 1
-6.41771 81.7072 61.8324 1
-8.96125 85.673 62.6119 1
-12.4175 89.9444 62.7175 1
-18.292 94.9934 61.0624 1
75.3504 -80.0878 6.75009 1
72.962 -76.9061 7.08906 1
70.5095 -73.7372 7.3458 1
68.0008 -70.5672 7.56346 1
65.4896 -67.3849 7.77094 1
62.9625 -64.1892 7.97942 1
60.4304 -60.9795 8.18867 1
57.8787 -57.7526 8.39918 1
55.3105 -54.5124 8.61071 1
52.7322 -51.2532 8.82336 1
50.1433 -47.9746 9.03716 1
47.5342 -44.6795 9.2522 1
44.9128 -41.3636 9.46851 1
42.2948 -38.0251 9.69184 1
39.6295 -34.6674 9.91654 1
36.8229 -31.3037 9.97763 1
33.8174 -27.9298 9.86978 1
30.7979 -24.523 9.76137 1
27.7499 -21.0834 9.65015 1
24.9069 -17.5938 9.79702 1
25.3152 -13.9082 13.3619 1
25.7824 -10.2751 16.9394 1
26.244 -6.69578 20.4642 1
25.9816 -3.17747 23.2121 1
25.3074 0.309281 25.5325 1
23.933 3.78485 27.1315 1
22.2348 7.26725 28.4007 1
19.9339 10.7794 29.1053 1
17.0776 14.3414 29.31 1
14.2113 17.9409 29.5141 1
11.3108 21.5783 29.7421 1
11.0032 25.0296 32.3823 1
10.6687 28.4598 34.9798 1
10.1307 31.8913 37.3774 1
9.47829 35.32 39.6613 1
8.75704 38.7458 41.8773 1
7.93162 42.1776 43.9856 1
7.0413 45.6115 46.035 1
6.27964 49.0201 48.1955 1
5.61439 52.4055 50.4254 1
4.91906 55.7871 52.6269 1
3.77148 59.2534 54.4537 1
2.46605 62.7579 56.137 1
0.922334 66.3241 57.6528 1
-0.661243 69.9116 59.1412 1
-2.7331 73.6369 60.2418 1
-4.9992 77.4358 61.23 1
-7.47565 81.319 62.0873 1
-10.0823 85.2778 62.8625 1
-14.6561 89.8348 62.1902 1
76.4104 -79.4066 6.78043 1
73.9745 -76.266 7.0868 1
71.4852 -73.126 7.35505 1
68.938 -69.9887 7.56752 1
66.3912 -66.8373 7.77443 1
63.8284 -63.6724 7.98236 1
61.2486 -60.4932 8.19135 1
58.662 -57.2986 8.40121 1
56.0545 -54.0855 8.61244 1
53.4384 -50.8557 8.82464 1
50.8127 -47.6081 9.0379 1
48.153 -44.3416 9.25285 1
45.4919 -41.0538 9.46882 1
42.8062 -37.7453 9.68633 1
40.1233 -34.4131 9.91175 1
37.2692 -31.0759 9.99099 1
34.2446 -27.7274 9.88263 1
31.1576 -24.3481 9.77217 1
28.0608 -20.9349 9.65517 1
24.9308 -17.4856 9.55884 1
25.3328 -13.8218 13.1571 1
25.7956 -10.2095 16.7943 1
26.2527 -6.65197 20.3764 1
25.9941 -3.15525 23.1769 1
25.3074 0.309281 25.5325 1
23.9049 3.76269 27.1509 1
22.1532 7.22338 28.4383 1
19.785 10.715 29.1251 1
16.8951 14.2562 29.3345 1
13.9727 17.8349 29.5458 1
11.2661 21.4339 30.0044 1
10.9432 24.8613 32.6746 1
10.6011 28.2666 35.3087 1
10.0055 31.6771 37.7083 1
9.33751 35.0817 40.0335 1
8.57779 38.4861 42.2466 1
7.73025 41.8945 44.3906 1
6.82494 45.3039 46.4699 1
6.07424 48.6837 48.6822 1
5.39291 52.0425 50.9501 1
4.55336 55.4255 53.0623 1
3.37849 58.8699 54.9101 1
1.94246 62.3738 56.5425 1
0.371245 65.916 58.0793 1
-1.27312 69.4895 59.5767 1
-3.58061 73.2425 60.5391 1
-5.92662 77.0308 61.5247 1
-8.51654 80.9186 62.3369 1
-11.6599 84.9922 62.7661 1
-17.4253 89.8615 61.2661 1
77.4666 -78.7195 6.8114 1
74.9815 -75.6167 7.09744 1
72.4576 -72.5089 7.36477 1
69.872 -69.4043 7.57193 1
67.2901 -66.2842 7.77825 1
64.6824 -63.1528 7.98571 1
62.0664 -60.0039 8.19418 1
59.4413 -56.8372 8.40368 1
56.7984 -53.6562 8.61429 1
54.1446 -50.4557 8.82604 1
51.469 -47.2371 9.03917 1
48.7705 -43.9993 9.25373 1
46.0698 -40.7399 9.46934 1
43.3442 -37.4596 9.68652 1
40.6053 -34.157 9.90674 1
37.7259 -30.8436 10.0047 1
34.6475 -27.5234 9.89469 1
31.5127 -24.1712 9.77849 1
28.3714 -20.7842 9.66016 1
25.1746 -17.3622 9.54008 1
25.3501 -13.7334 12.9768 1
25.809 -10.1433 16.6488 1
26.2616 -6.60765 20.2768 1
26.0071 -3.13278 23.1423 1
25.3074 0.309281 25.5325 1
23.8768 3.74014 27.1702 1
22.0878 7.17855 28.4682 1
19.6577 10.6491 29.1425 1
16.713 14.1687 29.3591 1
13.7341 17.7269 29.5776 1
11.2214 21.2877 30.2664 1
10.8832 24.6905 32.9665 1
10.5298 28.0698 35.6568 1
9.87992 31.4609 38.0398 1
9.20277 34.8402 40.3882 1
8.39818 38.224 42.6166 1
7.53297 41.6065 44.7868 1
6.60867 44.9917 46.9044 1
5.86883 48.3424 49.1682 1
5.17442 51.6757 51.4665 1
4.17718 55.0577 53.5106 1
2.96332 58.4821 55.3697 1
1.41237 61.9816 56.9527 1
-0.18169 65.5034 58.507 1
-2.05702 69.1014 59.8546 1
-4.43021 72.8394 60.8366 1
-6.91604 76.6345 61.7642 1
-9.56642 80.5096 62.5827 1
-13.7894 84.8457 62.2491 1
-20.2784 89.8883 60.2917 1
78.5189 -78.0264 6.84298 1
75.9738 -74.9615 7.10889 1
73.4129 -71.8869 7.37187 1
70.8031 -68.8145 7.57666 1
68.1658 -65.7283 7.78275 1
65.5319 -62.6253 7.98953 1
62.8799 -59.5071 8.19745 1
60.2089 -56.3729 8.40657 1
57.5291 -53.2219 8.61668 1
54.8262 -50.0511 8.82825 1
52.1125 -46.8618 9.04095 1
49.3869 -43.6531 9.25482 1
46.6352 -40.4222 9.47035 1
43.8593 -37.1717 9.68737 1
41.0782 -33.8974 9.90561 1
38.1829 -30.6097 10.0183 1
35.0457 -27.3171 9.9024 1
31.8668 -23.9919 9.78407 1
28.6576 -20.6324 9.66457 1
25.4282 -17.2364 9.54412 1
25.3681 -13.644 12.7724 1
25.8222 -10.0756 16.5157 1
26.2708 -6.56229 20.1775 1
26.0213 -3.1098 23.1087 1
25.3074 0.309281 25.5325 1
23.8486 3.71724 27.1895 1
22.0225 7.13311 28.4981 1
19.5088 10.5824 29.1624 1
16.5304 14.0803 29.3838 1
13.5067 17.6162 29.6082 1
11.1796 21.1395 30.5075 1
10.8232 24.5171 33.2582 1
10.4493 27.8721 35.9732 1
9.75754 31.2411 38.3619 1
9.06514 34.5942 40.7505 1
8.21512 37.9568 42.9937 1
7.33173 41.3148 45.1911 1
6.39248 44.6748 47.3385 1
5.66342 47.9962 49.6535 1
4.95593 51.3039 51.9822 1
3.8111 54.6844 53.9454 1
2.51418 58.097 55.7796 1
0.894949 61.5822 57.3521 1
-0.735172 65.081 58.9323 1
-2.86143 68.7068 60.1394 1
-5.26878 72.4246 61.1447 1
-7.90175 76.23 62 1
-10.6197 80.0907 62.8289 1
-16.1585 84.7501 61.5525 1
79.4787 -77.3544 6.78406 1
76.9651 -74.3034 7.12054 1
74.3661 -71.2623 7.37767 1
71.7108 -68.2216 7.5821 1
69.0388 -65.1669 7.78757 1
66.3696 -62.095 7.99377 1
63.6819 -59.0076 8.20114 1
60.9746 -55.9039 8.40972 1
58.258 -52.7831 8.61932 1
55.5177 -49.6419 8.83044 1
52.7563 -46.4841 9.04283 1
49.9805 -43.3045 9.25657 1
47.2011 -40.1024 9.47144 1
44.3955 -36.8788 9.68793 1
41.5619 -33.6327 9.90576 1
38.6219 -30.3734 10.0261 1
35.442 -27.1083 9.90853 1
32.2203 -23.8101 9.7896 1
28.9674 -20.4774 9.66949 1
25.6809 -17.1081 9.5481 1
25.386 -13.5522 12.5923 1
25.836 -10.0064 16.3708 1
26.2797 -6.51617 20.09 1
26.0384 -3.0866 23.0662 1
25.3074 0.309281 25.5325 1
23.8205 3.69398 27.2087 1
21.9489 7.08703 28.5319 1
19.3814 10.5141 29.1799 1
16.3483 13.9896 29.4086 1
13.2785 17.5043 29.6389 1
11.1341 20.9891 30.7683 1
10.7631 24.3412 33.5495 1
10.3394 27.6745 36.2625 1
9.63225 31.0171 38.6917 1
8.92721 34.3462 41.1135 1
8.03958 37.6863 43.3547 1
7.1381 41.0194 45.5792 1
6.18595 44.3537 47.7584 1
5.4614 47.6447 50.1291 1
4.68519 50.9379 52.4432 1
3.44951 54.3064 54.3739 1
2.00766 57.7165 56.1427 1
0.351421 61.1812 57.7307 1
-1.32008 64.6607 59.3234 1
-3.73854 68.3226 60.3471 1
-6.15776 72.0154 61.3941 1
-8.87881 75.8133 62.2331 1
-12.5816 79.8968 62.3661 1
-18.8476 84.7189 60.6373 1
80.5625 -76.6358 6.88016 1
77.9418 -73.6395 7.13298 1
75.305 -70.6321 7.38408 1
72.6156 -67.6232 7.58786 1
69.9091 -64.6001 7.79271 1
67.2049 -61.5594 7.99831 1
64.4724 -58.5053 8.20522 1
61.729 -55.4322 8.41327 1
58.9738 -52.3395 8.62251 1
56.1981 -49.2305 8.83299 1
53.397 -46.1002 9.04507 1
50.5944 -42.95 9.2581 1
47.7542 -39.7787 9.47293 1
44.9073 -36.584 9.68739 1
42.0308 -33.3667 9.90205 1
39.0526 -30.1349 10.0252 1
35.8376 -26.8967 9.91461 1
32.5733 -23.6259 9.79509 1
29.2769 -20.3204 9.67436 1
25.9458 -16.9779 9.55233 1
25.4045 -13.4596 12.3881 1
25.8501 -9.93678 16.226 1
26.2888 -6.46923 20.0026 1
26.0526 -3.06294 23.0328 1
25.3074 0.309281 25.5325 1
23.7923 3.67036 27.228 1
21.8754 7.03987 28.5655 1
19.2431 10.4451 29.1987 1
16.1654 13.8981 29.4332 1
13.0509 17.3896 29.6696 1
11.0817 20.8366 31.0225 1
10.7048 24.1627 33.8301 1
10.2326 27.4736 36.5424 1
9.51273 30.7919 39.005 1
8.79243 34.0941 41.4669 1
7.8641 37.4119 43.7154 1
6.94051 40.7204 45.9755 1
5.99703 44.0236 48.203 1
5.25894 47.2904 50.6055 1
4.34589 50.5764 52.8446 1
3.08861 53.9205 54.8007 1
1.50228 57.3315 56.4855 1
-0.198291 60.7745 58.1047 1
-2.15418 64.2855 59.5167 1
-4.62772 67.9322 60.5476 1
-7.09967 71.6091 61.6045 1
-9.85965 75.3875 62.466 1
-14.6488 79.7143 61.8326 1
81.5641 -75.9312 6.90258 1
78.9034 -72.97 7.14542 1
76.2208 -69.9989 7.39118 1
73.4974 -67.0219 7.59431 1
70.7767 -64.028 7.79815 1
68.0173 -61.0211 8.00353 1
65.2587 -57.9957 8.20975 1
62.4793 -54.9533 8.41724 1
59.6782 -51.8932 8.62609 1
56.8654 -48.8144 8.83607 1
54.0372 -45.7142 9.04635 1
51.1836 -42.5937 9.25789 1
48.3034 -39.4517 9.47108 1
45.4169 -36.286 9.68537 1
42.4972 -33.0976 9.89651 1
39.4587 -29.8949 10.0112 1
36.2092 -26.6836 9.92013 1
32.9145 -23.4404 9.80029 1
29.562 -20.1622 9.67866 1
26.1862 -16.8468 9.55599 1
25.4228 -13.3647 12.2083 1
25.8646 -9.86547 16.0938 1
26.2983 -6.4218 19.9034 1
26.0698 -3.03889 22.9905 1
25.3074 0.309281 25.5325 1
23.7504 3.64635 27.2573 1
21.81 6.99213 28.5954 1
19.1051 10.3746 29.2175 1
15.983 13.8044 29.4579 1
12.8226 17.2739 29.7005 1
11.0329 20.6828 31.2565 1
10.6446 23.9819 34.1208 1
10.1255 27.2711 36.8229 1
9.3903 30.5626 39.326 1
8.65765 33.8387 41.82 1
7.73541 37.1277 44.1167 1
6.74698 40.4166 46.3629 1
5.80768 43.6909 48.6483 1
5.05986 46.9307 51.0723 1
4.00557 50.2116 53.247 1
2.6892 53.5378 55.1858 1
0.98244 56.9405 56.8387 1
-0.735012 60.3606 58.4683 1
-2.98199 63.9038 59.7077 1
-5.49368 67.5304 60.7471 1
-8.03362 71.1915 61.8115 1
-11.0043 74.9911 62.5766 1
-17.0014 79.5882 61.0937 1
82.5647 -75.2239 6.9251 1
79.8707 -72.2957 7.1666 1
77.1535 -69.3577 7.39824 1
74.3966 -66.4129 7.6007 1
71.6217 -63.4532 7.80427 1
68.8387 -60.4778 8.00869 1
66.0327 -57.4837 8.21359 1
63.2168 -54.4724 8.41948 1
60.3784 -51.443 8.62678 1
57.5278 -48.3946 8.83521 1
54.662 -45.3245 9.04499 1
51.7705 -42.2336 9.25636 1
48.8516 -39.1211 9.46942 1
45.9123 -35.9864 9.67999 1
42.9527 -32.8266 9.89141 1
39.8601 -29.6538 9.99118 1
36.6037 -26.4668 9.92611 1
33.2543 -23.2516 9.80542 1
29.8708 -20.001 9.68346 1
26.4389 -16.7138 9.5599 1
25.4413 -13.2683 12.0287 1
25.8795 -9.79295 15.95 1
26.3076 -6.37339 19.8161 1
26.0841 -3.01447 22.9572 1
25.3074 0.309281 25.5325 1
23.7222 3.622 27.2765 1
21.7446 6.94365 28.6253 1
18.9777 10.3029 29.2351 1
15.8112 13.7092 29.4815 1
12.5948 17.1553 29.7314 1
10.9804 20.5261 31.5102 1
10.588 23.7995 34.3914 1
10.0155 27.0648 37.1114 1
9.27102 30.3298 39.6377 1
8.52036 33.5814 42.1481 1
7.55692 36.846 44.4739 1
6.55754 40.108 46.7416 1
5.62511 43.3528 49.0752 1
4.86077 46.5663 51.5385 1
3.67061 49.8406 53.6419 1
2.23353 53.1594 55.5248 1
0.475659 56.5428 57.1813 1
-1.27248 59.94 58.8318 1
-3.80134 63.5117 59.8953 1
-6.37362 67.123 60.9499 1
-8.97311 70.7686 62.0195 1
-12.9199 74.771 62.0831 1
-19.4476 79.4716 60.2745 1
83.5635 -74.5064 6.96585 1
80.8109 -71.6163 7.18672 1
78.0605 -68.7144 7.40249 1
75.2696 -65.8019 7.60354 1
72.4601 -62.8742 7.80575 1
69.6422 -59.9305 8.00887 1
66.8013 -56.9676 8.21345 1
63.95 -53.9873 8.41905 1
61.0757 -50.9886 8.62608 1
58.1885 -47.9706 8.83428 1
55.2742 -44.9305 9.04416 1
52.3447 -41.8696 9.25536 1
49.3958 -38.7872 9.46441 1
46.4056 -35.6818 9.67486 1
43.4063 -32.5511 9.88652 1
40.2712 -29.4085 9.97072 1
36.9742 -26.2484 9.93152 1
33.5946 -23.0612 9.81053 1
30.1552 -19.8386 9.68769 1
26.6905 -16.5784 9.56376 1
25.4606 -13.1708 11.8247 1
25.8942 -9.71932 15.8181 1
26.3173 -6.32424 19.7173 1
26.0985 -2.98961 22.9238 1
25.3074 0.309281 25.5325 1
23.694 3.59722 27.2958 1
21.6791 6.89438 28.6552 1
18.8503 10.2301 29.2527 1
15.6281 13.6131 29.5063 1
12.3663 17.0355 29.7624 1
10.9315 20.368 31.7437 1
10.5277 23.6138 34.6814 1
9.91153 26.8565 37.3823 1
9.15141 30.095 39.95 1
8.35981 33.322 42.4777 1
7.38249 36.56 44.8225 1
6.36411 39.7959 47.1284 1
5.44209 43.0121 49.5029 1
4.65945 46.1976 52.0021 1
3.34102 49.4633 54.0291 1
1.75656 52.7788 55.8466 1
-0.0318098 56.1388 57.5238 1
-2.02315 59.5547 59.0258 1
-4.62322 63.112 60.0829 1
-7.24517 66.7044 61.1493 1
-9.89919 70.333 62.2281 1
-14.8602 74.5427 61.5796 1
84.5166 -73.7941 6.96519 1
81.7444 -70.9362 7.1988 1
78.9428 -68.069 7.40455 1
76.1186 -65.1886 7.6052 1
73.2867 -62.2928 7.80672 1
70.4322 -59.3782 8.00965 1
67.5589 -56.449 8.21374 1
64.6722 -53.4997 8.41904 1
61.762 -50.5317 8.6258 1
58.8364 -47.5423 8.83388 1
55.8868 -44.5344 9.04342 1
52.9163 -41.504 9.25066 1
49.9172 -38.4512 9.4595 1
46.9095 -35.3739 9.6695 1
43.8563 -32.2743 9.8768 1
40.6591 -29.1616 9.9502 1
37.3676 -26.0264 9.93741 1
33.9221 -22.8687 9.81533 1
30.4394 -19.6742 9.69189 1
26.9302 -16.442 9.56733 1
25.4796 -13.0714 11.6454 1
25.9095 -9.64488 15.674 1
26.3268 -6.27435 19.6303 1
26.1129 -2.96442 22.8905 1
25.3074 0.309281 25.5325 1
23.6657 3.57213 27.315 1
21.6136 6.84447 28.6851 1
18.7229 10.1562 29.2704 1
15.4562 13.5149 29.53 1
12.149 16.9133 29.7922 1
10.8826 20.2079 31.977 1
10.471 23.4264 34.9515 1
9.80146 26.6447 37.6702 1
9.03209 29.8561 40.2609 1
8.20677 33.0597 42.7912 1
7.20761 36.2718 45.1719 1
6.17424 39.4809 47.5076 1
5.25606 42.6657 49.9376 1
4.3513 45.8409 52.3638 1
2.96492 49.0885 54.3896 1
1.27897 52.3921 56.1684 1
-0.52622 55.7281 57.8559 1
-2.7985 59.1662 59.2016 1
-5.43651 62.7022 60.2671 1
-8.1083 66.2758 61.3455 1
-10.9334 69.9153 62.3352 1
-17.0535 74.3595 60.8814 1
85.4708 -73.0747 6.98228 1
82.6686 -70.2492 7.20666 1
79.8223 -67.4183 7.40692 1
76.9848 -64.5677 7.6067 1
74.1084 -61.7038 7.80814 1
71.2224 -58.8234 8.01053 1
68.3123 -55.9233 8.21444 1
65.3905 -53.0053 8.41942 1
62.4447 -50.0683 8.62588 1
59.4838 -47.1118 8.83236 1
56.4925 -44.1331 9.03826 1
53.4749 -41.1345 9.24574 1
50.4376 -38.1117 9.45474 1
47.3912 -35.064 9.66495 1
44.2854 -31.9953 9.84597 1
41.0527 -28.9109 9.92467 1
37.7269 -25.8038 9.93156 1
34.2606 -22.6729 9.82033 1
30.7471 -19.507 9.69658 1
27.1697 -16.3038 9.57087 1
25.4988 -12.9703 11.4661 1
25.9245 -9.56908 15.5423 1
26.3364 -6.2237 19.5433 1
26.1273 -2.93896 22.8573 1
25.3074 0.309281 25.5325 1
23.6375 3.54662 27.3342 1
21.5481 6.79377 28.715 1
18.5955 10.0812 29.2881 1
15.2737 13.4152 29.5549 1
11.9317 16.7891 29.8221 1
10.8319 20.0449 32.2197 1
10.4143 23.2367 35.2212 1
9.69745 26.4308 37.9406 1
8.91562 29.6149 40.5635 1
8.04631 32.7934 43.1203 1
7.03326 35.9782 45.5199 1
5.98496 39.1601 47.8853 1
5.07637 42.3159 50.3553 1
4.04768 45.4803 52.7193 1
2.5835 48.7111 54.7242 1
0.814485 51.9993 56.4796 1
-1.02749 55.3101 58.1924 1
-3.55618 58.7691 59.3718 1
-6.25445 62.2875 60.4522 1
-8.96517 65.8396 61.5392 1
-12.868 69.6855 61.781 1
-19.6473 74.2568 59.8953 1
86.4177 -72.3513 6.99425 1
83.5783 -69.5605 7.21083 1
80.699 -66.7624 7.40959 1
77.8202 -63.9465 7.60908 1
74.919 -61.1122 7.80997 1
71.9992 -58.2636 8.012 1
69.0547 -55.3951 8.21555 1
66.098 -52.5084 8.42019 1
63.114 -49.6031 8.62319 1
60.1152 -46.6778 8.8274 1
57.0873 -43.7296 9.03339 1
54.0325 -40.7613 9.24099 1
50.9785 -37.7671 9.4495 1
47.8721 -34.7507 9.66053 1
44.704 -31.7145 9.81557 1
41.4355 -28.6587 9.89974 1
38.0804 -25.5792 9.91983 1
34.5873 -22.4756 9.82504 1
31.0306 -19.3386 9.70071 1
27.4214 -16.164 9.57467 1
25.5183 -12.8677 11.287 1
25.9398 -9.49212 15.4107 1
26.3462 -6.17232 19.4564 1
26.1418 -2.91309 22.824 1
25.3074 0.309281 25.5325 1
23.6093 3.52082 27.3534 1
21.4826 6.74238 28.7448 1
18.4681 10.0051 29.3059 1
15.1017 13.314 29.5787 1
11.7115 16.6633 29.8494 1
10.781 19.8808 32.4629 1
10.3575 23.0445 35.4907 1
9.5934 26.214 38.2107 1
8.79595 29.3711 40.8749 1
7.89335 32.5243 43.4334 1
6.86246 35.682 45.8603 1
5.7992 38.8364 48.2554 1
4.89665 41.9618 50.7724 1
3.73836 45.1158 53.0817 1
2.2017 48.3284 55.0585 1
0.349363 51.6008 56.7908 1
-1.61168 54.9032 58.4653 1
-4.31608 58.3649 59.5419 1
-7.06375 61.8631 60.6339 1
-9.82475 65.3951 61.7328 1
-14.7491 69.433 61.2421 1
87.3511 -71.6261 7.00375 1
84.476 -68.8694 7.21437 1
81.5729 -66.1013 7.41255 1
78.6505 -63.3178 7.61192 1
75.7186 -60.5181 7.81223 1
72.7625 -57.699 8.01383 1
69.7928 -54.8629 8.21386 1
66.7899 -52.0102 8.41557 1
63.7799 -49.134 8.61837 1
60.7453 -46.2396 8.82263 1
57.6714 -43.3238 9.02895 1
54.589 -40.3843 9.23641 1
51.4874 -37.4219 9.44533 1
48.3523 -34.4341 9.65627 1
45.1218 -31.4307 9.78508 1
41.8178 -28.4036 9.87479 1
38.4335 -25.352 9.90804 1
34.9136 -22.2763 9.82971 1
31.3138 -19.1682 9.7048 1
27.6604 -16.0225 9.57815 1
25.538 -12.7637 11.108 1
25.9552 -9.4138 15.2791 1
26.356 -6.12023 19.3696 1
26.1563 -2.88684 22.7909 1
25.3074 0.309281 25.5325 1
23.581 3.49465 27.3726 1
21.417 6.69029 28.7747 1
18.3406 9.92789 29.3237 1
14.9297 13.2112 29.6025 1
11.4908 16.5354 29.8764 1
10.732 19.7144 32.6955 1
10.3007 22.8501 35.7598 1
9.48933 25.9948 38.4806 1
8.67942 29.124 41.1769 1
7.74041 32.2517 43.7462 1
6.69169 35.3821 46.2004 1
5.61349 38.5087 48.6253 1
4.71689 41.6034 51.189 1
3.42825 44.7465 53.4197 1
1.77622 47.9474 55.3571 1
-0.116366 51.1964 57.1019 1
-2.30527 54.5115 58.6184 1
-5.07821 57.9538 59.712 1
-7.86428 61.4289 60.8123 1
-10.6893 64.9427 61.9247 1
-16.6438 69.1727 60.7037 1
88.2702 -70.8955 7.01393 1
85.3597 -68.173 7.21853 1
82.4247 -65.4376 7.41625 1
79.4795 -62.6869 7.61309 1
76.5102 -59.9175 7.81069 1
73.5213 -57.1332 8.00946 1
70.5065 -54.3286 8.20982 1
67.4893 -51.5054 8.41094 1
64.4351 -48.6625 8.61398 1
61.3535 -45.799 8.81866 1
58.2639 -42.9124 9.02444 1
55.1446 -40.0037 9.23199 1
51.9939 -37.0717 9.44142 1
48.8317 -34.1143 9.65214 1
45.5289 -31.1449 9.755 1
42.1896 -28.1468 9.85041 1
38.786 -25.1224 9.8962 1
35.2394 -22.0746 9.83434 1
31.5843 -18.9959 9.70858 1
27.8867 -15.8793 9.58132 1
25.558 -12.658 10.9291 1
25.9708 -9.33465 15.1477 1
26.366 -6.06735 19.2829 1
26.1708 -2.86028 22.7577 1
25.3074 0.309281 25.5325 1
23.5527 3.46807 27.3918 1
21.3515 6.63746 28.8046 1
18.2132 9.8496 29.3415 1
14.7576 13.1072 29.6264 1
11.2699 16.4057 29.9035 1
10.6865 19.5467 32.9081 1
10.214 22.6558 36.0015 1
9.38522 25.7726 38.7503 1
8.56605 28.8734 41.4695 1
7.61925 31.9724 44.0747 1
6.52446 35.0796 46.5331 1
5.4313 38.1781 48.9876 1
4.5371 41.2409 51.605 1
3.07706 44.3804 53.7256 1
1.34663 47.5634 55.6429 1
-0.58269 50.7863 57.4128 1
-3.02067 54.1144 58.7769 1
-5.83146 57.5335 59.8787 1
-8.66953 60.9899 60.9915 1
-12.4487 64.6702 61.4141 1
-18.632 68.9164 60.0996 1
89.1789 -70.1584 7.0297 1
86.2372 -67.4726 7.21834 1
83.2688 -64.7703 7.41348 1
80.28 -62.0521 7.60986 1
77.2891 -59.315 7.80699 1
74.267 -56.5627 8.0057 1
71.2296 -53.7899 8.20564 1
68.1669 -50.9982 8.40711 1
65.0777 -48.1866 8.61016 1
61.981 -45.3526 8.81427 1
58.844 -42.4971 9.02047 1
55.6782 -39.6208 9.22838 1
52.5109 -36.7181 9.43729 1
49.2892 -33.7925 9.64881 1
45.934 -30.8549 9.72486 1
42.5709 -27.886 9.82544 1
39.1275 -24.8912 9.88449 1
35.5537 -21.8717 9.83869 1
31.8555 -18.8224 9.71235 1
28.1253 -15.7345 9.58475 1
25.5781 -12.551 10.7504 1
25.9865 -9.25434 15.0164 1
26.3761 -6.01361 19.1962 1
26.1854 -2.83332 22.7246 1
25.3074 0.309281 25.5325 1
23.5244 3.44124 27.411 1
21.2859 6.58397 28.8344 1
18.0857 9.77021 29.3594 1
14.5962 13.0016 29.649 1
11.049 16.2742 29.9307 1
10.6374 19.3763 33.1403 1
10.1224 22.4592 36.2386 1
9.28426 25.5476 39.0106 1
8.44947 28.6203 41.7709 1
7.46706 31.6946 44.3772 1
6.35778 34.772 46.8643 1
5.2497 37.8421 49.3484 1
4.29215 40.8848 51.9442 1
2.72648 44.0074 54.03 1
0.917754 47.1721 55.9275 1
-1.03587 50.3701 57.7132 1
-3.71811 53.7094 58.9298 1
-6.57786 57.1062 60.0429 1
-9.46582 60.5413 61.1675 1
-14.2229 64.388 60.899 1
90.0755 -69.423 7.02867 1
87.0905 -66.7703 7.21582 1
84.1017 -64.1007 7.41044 1
81.0892 -61.4125 7.60651 1
78.0574 -58.7099 7.80373 1
75.0108 -55.9875 8.00216 1
71.9397 -53.2466 8.20205 1
68.8428 -50.4867 8.40349 1
65.7188 -47.7066 8.60654 1
62.5866 -44.904 8.81067 1
59.4248 -42.0797 9.01656 1
56.2318 -39.2329 9.22429 1
53.006 -36.3625 9.43395 1
49.7672 -33.4663 9.64496 1
46.3398 -30.5632 9.69461 1
42.9403 -27.6225 9.80109 1
39.4673 -24.6566 9.87272 1
35.8665 -21.6657 9.84296 1
32.1377 -18.6462 9.71634 1
28.3635 -15.5879 9.58815 1
25.598 -12.4419 10.5963 1
26.0022 -9.17246 14.8974 1
26.3863 -5.9595 19.1097 1
26.2 -2.80607 22.6915 1
25.3074 0.309281 25.5325 1
23.4961 3.41401 27.4301 1
21.2197 6.52975 28.8637 1
17.9581 9.68974 29.3772 1
14.4241 12.8946 29.673 1
10.9856 16.1321 30.105 1
10.5883 19.2041 33.3723 1
10.0338 22.2614 36.4673 1
9.18298 25.3211 39.2716 1
8.33889 28.3648 42.0549 1
7.3154 31.412 44.6784 1
6.19059 34.4623 47.1964 1
5.0716 37.5032 49.7017 1
4.01487 40.5273 52.266 1
2.37453 43.6316 54.3354 1
0.494561 46.7763 56.2074 1
-1.54299 49.9571 57.9708 1
-4.41749 53.2978 59.0825 1
-7.32646 56.6723 60.207 1
-10.2641 60.0848 61.3437 1
-16.0133 64.0965 60.3787 1
90.9581 -68.6824 7.0282 1
87.9412 -66.0629 7.21357 1
84.9292 -63.4236 7.40785 1
81.8767 -60.7704 7.60397 1
78.8209 -58.0979 7.80089 1
75.7415 -55.4076 7.99922 1
72.637 -52.6989 8.19905 1
69.5061 -49.9708 8.40044 1
66.3586 -47.2225 8.60311 1
63.1911 -44.4514 8.80726 1
59.9819 -41.6585 9.01357 1
56.7635 -38.8429 9.221 1
53.5003 -36.0035 9.43075 1
50.2014 -33.1411 9.61638 1
46.7435 -30.2672 9.6643 1
43.3105 -27.3574 9.77668 1
39.8058 -24.4207 9.85856 1
36.1746 -21.4588 9.84119 1
32.4197 -18.4682 9.7203 1
28.5901 -15.4406 9.59127 1
25.6186 -12.3319 10.4178 1
26.0182 -9.08997 14.7663 1
26.3963 -5.90456 19.0349 1
26.2146 -2.77844 22.6585 1
25.3074 0.309281 25.5325 1
23.4678 3.3865 27.4493 1
21.1532 6.47482 28.8927 1
17.8305 9.60823 29.3951 1
14.2632 12.7855 29.6958 1
10.9513 15.9866 30.2944 1
10.5409 19.0297 33.5938 1
9.9453 22.0602 36.6949 1
9.08196 25.091 39.5314 1
8.22227 28.1058 42.3557 1
7.16326 31.1275 44.9805 1
6.02745 34.1485 47.5198 1
4.8972 37.16 50.0696 1
3.73599 40.1673 52.5765 1
2.02867 43.25 54.6342 1
0.0708148 46.3754 56.4871 1
-2.19583 49.5622 58.1124 1
-5.11879 52.8797 59.2352 1
-8.06828 56.232 60.3686 1
-11.4531 59.6952 61.21 1
-17.7763 63.7897 59.8644 1
91.8189 -67.9393 7.02843 1
88.7893 -65.3506 7.21159 1
85.727 -62.7464 7.40624 1
82.662 -60.1235 7.60167 1
79.574 -57.4834 7.79847 1
76.4617 -54.8254 7.99671 1
73.3239 -52.1487 8.19647 1
70.1701 -49.4526 8.39745 1
66.9858 -46.7342 8.60025 1
63.7739 -43.9966 8.80464 1
60.54 -41.2351 9.01061 1
57.283 -38.4493 9.21823 1
53.9938 -35.6412 9.42771 1
50.6311 -32.8132 9.58361 1
47.1367 -29.9695 9.63441 1
43.6689 -27.0896 9.7529 1
40.1395 -24.1816 9.84092 1
36.4733 -21.2495 9.83076 1
32.6777 -18.289 9.72369 1
28.8156 -15.2909 9.59433 1
25.6394 -12.2204 10.2395 1
26.0341 -9.00637 14.6471 1
26.4067 -5.84888 18.9485 1
26.2264 -2.75047 22.6344 1
25.3074 0.309281 25.5325 1
23.4395 3.35858 27.4684 1
21.0868 6.41933 28.9218 1
17.7135 9.52572 29.4118 1
14.091 12.6757 29.7199 1
10.9168 15.8402 30.4844 1
10.4934 18.8542 33.8159 1
9.85652 21.8575 36.9232 1
8.98062 24.8593 39.792 1
8.11164 27.8447 42.6391 1
7.01515 30.8394 45.274 1
5.86434 33.8312 47.843 1
4.74018 36.8109 50.4282 1
3.42122 39.8094 52.8471 1
1.68707 42.8631 54.9246 1
-0.347243 45.97 56.7622 1
-2.83048 49.1597 58.2482 1
-5.80199 52.4538 59.3821 1
-8.80085 55.7823 60.527 1
-13.0882 59.3835 60.7299 1
-19.5551 63.4736 59.3448 1
92.677 -67.1911 7.0289 1
89.6158 -64.6358 7.2104 1
86.5415 -62.0621 7.40434 1
83.4368 -59.4741 7.5998 1
80.3167 -56.8665 7.79648 1
77.1717 -54.2408 7.99462 1
74.0091 -51.5943 8.1941 1
70.8214 -48.9302 8.39503 1
67.6138 -46.2439 8.59743 1
64.3647 -43.5362 8.80196 1
61.1063 -40.8065 9.00758 1
57.8034 -38.0537 9.21551 1
54.4865 -35.2756 9.42481 1
51.0602 -32.4821 9.55075 1
47.5318 -29.6685 9.60735 1
44.027 -26.819 9.7291 1
40.4625 -23.9411 9.82362 1
36.761 -21.039 9.82048 1
32.9354 -18.108 9.72706 1
29.0417 -15.1403 9.5974 1
25.66 -12.107 10.0858 1
26.0503 -8.9216 14.5159 1
26.4169 -5.7924 18.8743 1
26.2411 -2.72219 22.6014 1
25.3074 0.309281 25.5325 1
23.4249 3.33033 27.4775 1
21.0203 6.3631 28.9508 1
17.597 9.44174 29.4284 1
13.9295 12.5644 29.7428 1
10.8824 15.6914 30.6734 1
10.4478 18.6765 34.0276 1
9.7709 21.6525 37.1422 1
8.88241 24.6247 40.0433 1
8.00098 27.5806 42.9223 1
6.86704 30.5482 45.5673 1
5.70125 33.5104 48.166 1
4.57969 36.4584 50.7954 1
3.10066 39.4462 53.1228 1
1.29902 42.4797 55.1792 1
-0.764511 45.5575 57.0359 1
-3.46678 48.7515 58.3839 1
-6.48703 52.0214 59.5289 1
-9.53508 55.3258 60.6855 1
-14.7361 59.0627 60.2458 1
93.5324 -66.4382 7.02961 1
90.4398 -63.9162 7.20946 1
87.3347 -61.3753 7.40323 1
84.1986 -58.8201 7.59853 1
81.0547 -56.2429 7.79489 1
77.8773 -53.6497 7.99292 1
74.684 -51.0376 8.19215 1
71.4713 -48.4037 8.39281 1
68.2182 -45.7494 8.59554 1
64.9564 -43.0737 8.79932 1
61.6511 -40.3758 9.00534 1
58.3117 -37.6547 9.21331 1
54.9575 -34.908 9.42269 1
51.4677 -32.1492 9.51881 1
47.9194 -29.3655 9.58412 1
44.3845 -26.5459 9.7053 1
40.785 -23.6983 9.80628 1
37.0602 -20.8264 9.80995 1
33.2164 -17.9243 9.73092 1
29.2667 -14.9874 9.60041 1
25.6813 -11.9927 9.90772 1
26.066 -8.83563 14.3969 1
26.4275 -5.73528 18.788 1
26.2528 -2.69342 22.5775 1
25.3074 0.309281 25.5325 1
23.3965 3.30173 27.4966 1
20.9705 6.30606 28.9726 1
17.4693 9.35716 29.4464 1
13.7685 12.4511 29.7657 1
10.8479 15.5419 30.863 1
10.3984 18.4966 34.2587 1
9.68234 21.4446 37.3692 1
8.78418 24.3876 40.2944 1
7.89029 27.3138 43.2052 1
6.72297 30.2533 45.8519 1
5.5422 33.1858 48.4803 1
4.42211 36.1034 51.1546 1
2.79167 39.0787 53.3866 1
0.917948 42.0905 55.428 1
-1.17612 45.1407 57.305 1
-4.10472 48.3371 58.5195 1
-7.17393 51.5824 59.6756 1
-10.2601 54.8606 60.8407 1
-16.3546 58.7274 59.7685 1
94.3664 -65.6829 7.031 1
91.2426 -63.1941 7.20931 1
88.1066 -60.6862 7.4029 1
84.9582 -58.1614 7.5975 1
81.7743 -55.619 7.79391 1
78.5837 -53.0563 7.99126 1
75.3549 -50.4746 8.19056 1
72.1 -47.8749 8.39137 1
68.8235 -45.2528 8.59369 1
65.5155 -42.6091 8.79783 1
62.1948 -39.9415 9.00325 1
58.8398 -37.2508 9.21063 1
55.4391 -34.5373 9.42034 1
51.8953 -31.812 9.48578 1
48.3162 -29.0585 9.56037 1
44.7416 -26.2701 9.68148 1
41.1071 -23.4531 9.78888 1
37.3472 -20.6116 9.79957 1
33.4736 -17.7396 9.73422 1
29.4801 -14.8338 9.60314 1
25.7025 -11.8763 9.75449 1
26.0818 -8.74893 14.2773 1
26.438 -5.67754 18.7136 1
26.2676 -2.66457 22.5446 1
25.3074 0.309281 25.5325 1
23.3682 3.27289 27.5158 1
20.904 6.24854 29.0016 1
17.3523 9.27149 29.4632 1
13.6182 12.3366 29.7874 1
10.8148 15.3906 31.0418 1
10.3527 18.3153 34.47 1
9.59664 21.235 37.5879 1
8.68591 24.148 40.5452 1
7.76337 27.0465 43.4633 1
6.5784 29.9566 46.1375 1
5.38263 32.8592 48.7956 1
4.24289 35.7459 51.4935 1
2.48234 38.707 53.6502 1
0.536401 41.6965 55.6767 1
-1.66576 44.7321 57.5021 1
-4.74428 47.9167 58.6549 1
-7.84254 51.1357 59.8165 1
-11.3201 54.4487 60.7426 1
-17.9867 58.3833 59.2866 1
95.1978 -64.9227 7.03263 1
92.043 -62.4674 7.20941 1
88.8764 -59.9924 7.40281 1
85.7048 -57.4983 7.59706 1
82.5002 -54.9887 7.79295 1
79.2663 -52.4586 7.99055 1
76.0072 -49.9113 8.18959 1
72.7272 -47.3421 8.39011 1
69.4254 -44.7505 8.59217 1
66.0938 -42.1391 8.79591 1
62.7264 -39.5036 9.0017 1
59.3257 -36.8463 9.20936 1
55.8871 -34.1664 9.39275 1
52.3014 -31.473 9.45367 1
48.6915 -28.7498 9.53774 1
45.077 -25.9927 9.65885 1
41.4186 -23.2065 9.77182 1
37.6338 -20.3948 9.78914 1
33.7305 -17.5531 9.73749 1
29.7056 -14.6785 9.60613 1
25.7253 -11.7591 9.57783 1
26.0977 -8.6609 14.1585 1
26.4487 -5.61919 18.6275 1
26.2825 -2.63516 22.5117 1
25.3074 0.309281 25.5325 1
23.3398 3.24368 27.5349 1
20.8375 6.19032 29.0307 1
17.2358 9.18447 29.48 1
13.4458 12.2211 29.8118 1
10.7816 15.2377 31.2204 1
10.3069 18.1321 34.681 1
9.51092 21.0233 37.8064 1
8.59078 23.9057 40.7867 1
7.63689 26.7756 43.72 1
6.43436 29.6555 46.4218 1
5.22365 32.5277 49.1094 1
3.99197 35.3948 51.7619 1
2.1727 38.331 53.9136 1
0.161901 41.2969 55.9195 1
-2.24771 44.3299 57.6235 1
-5.36554 47.4894 58.7847 1
-8.52152 50.6821 59.96 1
-12.8247 54.105 60.2948 1
-19.6325 58.0304 58.8001 1
96.0081 -64.1603 7.03492 1
92.8411 -61.736 7.20975 1
89.644 -59.294 7.40295 1
86.4414 -56.8329 7.59703 1
83.205 -54.356 7.79277 1
79.9499 -51.8586 7.98988 1
76.6664 -49.342 8.18861 1
73.3531 -46.8054 8.38905 1
70.0171 -44.2461 8.59104 1
66.6508 -41.667 8.79476 1
63.259 -39.0638 9.00017 1
59.8315 -36.4372 9.20761 1
56.3169 -33.7931 9.3582 1
52.7068 -31.131 9.42147 1
49.076 -28.4373 9.51458 1
45.4219 -25.7117 9.63564 1
41.7284 -22.9566 9.75473 1
37.9083 -20.1759 9.77885 1
33.9872 -17.3649 9.74073 1
29.9185 -14.5217 9.60881 1
25.7942 -11.638 9.47506 1
26.1138 -8.57207 14.0391 1
26.4594 -5.55991 18.5536 1
26.2973 -2.60555 22.4788 1
25.3074 0.309281 25.5325 1
23.3114 3.21407 27.554 1
20.7876 6.13124 29.0525 1
17.1187 9.09681 29.4968 1
13.2955 12.1038 29.8336 1
10.747 15.0827 31.4088 1
10.2611 17.947 34.8919 1
9.42806 20.8102 38.0165 1
8.49531 23.662 41.0291 1
7.51783 26.5023 43.9845 1
6.28981 29.3527 46.707 1
5.06813 32.1939 49.4158 1
3.70802 35.0437 52.0027 1
1.86274 37.9508 54.1769 1
-0.214357 40.8944 56.1633 1
-2.82215 43.9226 57.7423 1
-5.98835 47.0559 58.9143 1
-9.1843 50.2231 60.0986 1
-14.3152 53.7489 59.8506 1
96.8159 -63.3933 7.03744 1
93.6182 -61.0024 7.21086 1
90.4015 -58.5935 7.40351 1
87.1679 -56.1652 7.59741 1
83.9082 -53.7191 7.79281 1
80.6209 -51.2545 7.98978 1
77.3046 -48.7705 8.1884 1
73.9776 -46.2647 8.38817 1
70.5989 -43.7397 8.59033 1
67.2067 -41.1914 8.79377 1
63.7796 -38.6205 8.99918 1
60.3158 -36.0261 9.20663 1
56.757 -33.4167 9.32305 1
53.1116 -30.786 9.38919 1
49.4503 -28.123 9.49196 1
45.7677 -25.4294 9.61237 1
42.0391 -22.7054 9.73758 1
38.1837 -19.9558 9.76851 1
34.2435 -17.1748 9.74394 1
30.1313 -14.3634 9.61146 1
25.9621 -11.5115 9.47713 1
26.1301 -8.48202 13.9205 1
26.4701 -5.50013 18.4794 1
26.3122 -2.57569 22.446 1
25.3074 0.309281 25.5325 1
23.283 3.1842 27.573 1
20.7211 6.07173 29.0815 1
17.0021 9.00781 29.5137 1
13.1451 11.9852 29.8554 1
10.7137 14.9268 31.5871 1
10.2171 17.7601 35.0923 1
9.34544 20.594 38.2256 1
8.40012 23.4148 41.2702 1
7.38884 26.2261 44.2387 1
6.14928 29.0464 46.9836 1
4.91608 31.8577 49.7148 1
3.4357 34.6889 52.2316 1
1.56433 37.5664 54.4281 1
-0.589763 40.4855 56.4059 1
-3.39794 43.5099 57.8609 1
-6.61275 46.6167 59.0438 1
-9.85782 49.7574 60.2396 1
-15.8224 53.3876 59.4014 1
97.6029 -62.624 7.04062 1
94.3746 -60.2664 7.21274 1
91.1462 -57.8884 7.40464 1
87.8816 -55.4931 7.59836 1
84.5985 -53.0779 7.79341 1
81.2903 -50.6462 7.98988 1
77.9414 -48.195 8.18838 1
74.5811 -45.7219 8.38806 1
71.1883 -43.2279 8.58955 1
67.7616 -40.7121 8.79295 1
64.2992 -38.1737 8.99833 1
60.8199 -35.6104 9.20517 1
57.176 -33.0384 9.28881 1
53.5061 -30.4392 9.35732 1
49.8144 -27.8072 9.46973 1
46.1019 -25.1444 9.58971 1
42.3481 -22.451 9.7204 1
38.4576 -19.7329 9.75813 1
34.4761 -16.9837 9.74659 1
30.3439 -14.2036 9.61409 1
26.1298 -11.3837 9.47919 1
26.1465 -8.39121 13.8014 1
26.481 -5.43949 18.4057 1
26.3242 -2.54541 22.4222 1
25.3074 0.309281 25.5325 1
23.2684 3.15405 27.5821 1
20.6546 6.01156 29.1106 1
16.8962 8.9179 29.5293 1
12.9947 11.8653 29.8774 1
10.6804 14.7693 31.7652 1
10.1729 17.5721 35.2934 1
9.26249 20.3765 38.4354 1
8.30458 23.1663 41.5122 1
7.26339 25.9478 44.4853 1
6.01278 28.7367 47.2517 1
4.76463 31.5169 50.0124 1
3.15118 34.3301 52.4721 1
1.26023 37.1772 54.6845 1
-0.959424 40.0727 56.6438 1
-3.97518 43.0922 57.9795 1
-7.21865 46.1706 59.1675 1
-10.5128 49.2839 60.3746 1
-17.3169 53.014 58.9545 1
98.3876 -61.8503 7.04401 1
95.1473 -59.5239 7.21431 1
91.8779 -57.179 7.40637 1
88.5936 -54.8168 7.59953 1
85.2791 -52.4346 7.79441 1
81.9389 -50.0358 7.99074 1
78.5768 -47.6156 8.18855 1
75.1833 -45.1753 8.38813 1
71.7567 -42.714 8.58954 1
68.2954 -40.2309 8.79289 1
64.8179 -37.7236 8.99764 1
61.2757 -35.1969 9.18312 1
57.6054 -32.6571 9.25397 1
53.8984 -30.0884 9.32539 1
50.1854 -27.4878 9.4445 1
46.4357 -24.857 9.56704 1
42.6465 -22.1953 9.70355 1
38.7324 -19.5088 9.7477 1
34.7236 -16.7908 9.74057 1
30.5439 -14.0424 9.61642 1
26.2974 -11.2547 9.48122 1
26.1628 -8.29914 13.6948 1
26.4919 -5.37846 18.3316 1
26.3362 -2.51478 22.3985 1
25.3074 0.309281 25.5325 1
23.2399 3.12365 27.6012 1
20.6047 5.95067 29.1324 1
16.7791 8.82723 29.5463 1
12.8329 11.7445 29.9007 1
10.6485 14.6108 31.9334 1
10.1269 17.3816 35.5037 1
9.17981 20.156 38.6442 1
8.21217 22.9151 41.7448 1
7.13793 25.667 44.7319 1
5.87339 28.4256 47.5187 1
4.5936 31.1762 50.2949 1
2.8783 33.9678 52.7006 1
0.928748 36.7901 54.899 1
-1.32332 39.6563 56.877 1
-4.53384 42.6676 58.0923 1
-7.83465 45.718 59.2937 1
-11.6956 48.8869 60.1048 1
-18.7984 52.628 58.5099 1
99.1699 -61.0721 7.04761 1
95.8918 -58.7814 7.21681 1
92.5999 -56.4674 7.40848 1
89.2927 -54.1363 7.60127 1
85.9499 -51.7892 7.79581 1
82.5859 -49.4214 7.99179 1
79.1914 -47.0341 8.18948 1
75.7647 -44.6266 8.38895 1
72.324 -42.1965 8.5897 1
68.8282 -39.7462 8.79299 1
65.3155 -37.2716 8.99771 1
61.7167 -34.7806 9.14636 1
58.0228 -32.2727 9.21955 1
54.2805 -29.7359 9.29386 1
50.535 -27.1668 9.42026 1
46.748 -24.5681 9.54555 1
42.9446 -21.9373 9.68666 1
38.9951 -19.2828 9.73741 1
34.9454 -16.5969 9.73181 1
30.7561 -13.8797 9.619 1
26.465 -11.1245 9.48323 1
26.1795 -8.20599 13.5765 1
26.503 -5.3166 18.258 1
26.3511 -2.48393 22.3657 1
25.3074 0.309281 25.5325 1
23.2115 3.0928 27.6202 1
20.5381 5.8892 29.1615 1
16.6625 8.73534 29.5632 1
12.6825 11.6219 29.9227 1
10.6151 14.4504 32.1112 1
10.0845 17.1899 35.6942 1
9.09998 19.9342 38.8446 1
8.11974 22.6616 41.9773 1
7.01733 25.3841 44.9603 1
5.71806 28.1118 47.7702 1
4.42125 30.8311 50.5744 1
2.6051 33.6015 52.9289 1
0.588787 36.3985 55.1166 1
-1.80517 39.249 57.0132 1
-5.1049 42.2394 58.2082 1
-8.4342 45.2607 59.4151 1
-13.0489 48.5084 59.6953 1
99.9317 -60.2918 7.05187 1
96.6311 -58.0323 7.21973 1
93.32 -55.7516 7.41082 1
89.9822 -53.4537 7.60341 1
86.6163 -51.1377 7.79757 1
83.2315 -48.803 7.99303 1
79.8046 -46.4488 8.19059 1
76.3534 -44.0726 8.38973 1
72.8704 -41.677 8.59061 1
69.3601 -39.258 8.79324 1
65.8123 -36.8164 8.99792 1
62.1588 -34.3624 9.10948 1
58.4285 -31.8852 9.18557 1
54.662 -29.3806 9.26225 1
50.8939 -26.8422 9.39548 1
47.0809 -24.2759 9.52286 1
43.2422 -21.6773 9.66973 1
39.268 -19.054 9.72688 1
35.1896 -16.4008 9.72262 1
30.9567 -13.7161 9.62131 1
26.6324 -10.9931 9.48523 1
26.1962 -8.11193 13.4701 1
26.514 -5.25449 18.1841 1
26.3662 -2.4527 22.333 1
25.3074 0.309281 25.5325 1
23.1831 3.06169 27.6393 1
20.4882 5.82716 29.1832 1
16.5566 8.64244 29.579 1
12.5434 11.4975 29.9435 1
10.5831 14.2885 32.2782 1
10.0122 16.9976 35.8802 1
9.02011 19.7103 39.0449 1
8.03045 22.4055 42.2005 1
6.87473 25.0993 45.1916 1
5.56208 27.7964 48.0227 1
4.25252 30.4837 50.8467 1
2.34354 33.2317 53.1453 1
0.262135 36.0024 55.3237 1
-2.31844 38.8426 57.1153 1
-5.65515 41.8029 58.3175 1
-9.04422 44.7974 59.5387 1
-14.3921 48.1206 59.2882 1
100.681 -59.5073 7.05663 1
97.3613 -57.281 7.22385 1
94.0197 -55.0338 7.41389 1
90.6622 -52.769 7.60593 1
87.265 -50.4861 7.79992 1
83.8566 -48.1826 7.99503 1
80.4166 -45.8597 8.19187 1
76.924 -43.5182 8.39111 1
73.4158 -41.154 8.59169 1
69.8911 -38.7666 8.79365 1
66.3058 -36.3583 8.99522 1
62.5981 -33.9397 9.07256 1
58.8353 -31.496 9.15146 1
55.0335 -29.0236 9.23105 1
51.2423 -26.5161 9.37115 1
47.3925 -23.9822 9.50135 1
43.518 -21.4159 9.65351 1
39.5196 -18.8249 9.71669 1
35.4109 -16.2036 9.71377 1
31.1562 -13.5506 9.62356 1
26.7996 -10.8607 9.4872 1
26.2131 -8.01728 13.3514 1
26.5253 -5.1913 18.1107 1
26.3783 -2.42124 22.3093 1
25.3074 0.309281 25.5325 1
23.1683 3.03028 27.6483 1
20.4298 5.76457 29.2087 1
16.4507 8.54868 29.5948 1
12.3929 11.3723 29.9656 1
10.551 14.1255 32.446 1
9.94502 16.8038 36.0479 1
8.94021 19.4844 39.245 1
7.94078 22.1482 42.4246 1
6.74012 24.8124 45.4076 1
5.41032 27.4776 48.2668 1
4.05496 30.1373 51.0847 1
2.0698 32.8582 53.3734 1
-0.0711129 35.6017 55.5354 1
-2.83283 38.4312 57.2172 1
-6.21777 41.3624 58.4299 1
-9.63551 44.3273 59.6566 1
-15.7439 47.7253 58.8785 1
101.431 -58.7208 7.06142 1
98.0713 -56.5277 7.22868 1
94.7176 -54.3118 7.41718 1
91.3297 -52.0802 7.609 1
87.9203 -49.8287 7.80226 1
84.4802 -47.5584 7.9972 1
81.008 -45.2686 8.1939 1
77.5019 -42.9586 8.39245 1
73.9602 -40.6275 8.59292 1
70.4011 -38.2732 8.7948 1
66.769 -35.9015 8.95586 1
63.0187 -33.5166 9.03648 1
59.2396 -31.1027 9.11731 1
55.4026 -28.6626 9.1998 1
51.5904 -26.1874 9.34671 1
47.7134 -23.6852 9.47926 1
43.815 -21.1515 9.63649 1
39.7814 -18.5931 9.70627 1
35.632 -16.0047 9.70488 1
31.3564 -13.3842 9.62582 1
26.9668 -10.727 9.48916 1
26.23 -7.92126 13.2452 1
26.5366 -5.12768 18.0369 1
26.3904 -2.38933 22.2857 1
25.3074 0.309281 25.5325 1
23.1399 2.99859 27.6673 1
20.3717 5.7011 29.2341 1
16.3447 8.45394 29.6106 1
12.2424 11.2458 29.9878 1
10.5157 13.961 32.6097 1
9.87783 16.6084 36.2155 1
8.86026 19.2563 39.445 1
7.84824 21.8877 42.6565 1
6.60542 24.5228 45.6234 1
5.25846 27.156 48.5108 1
3.81283 29.7909 51.2833 1
1.80766 32.481 53.5894 1
-0.398516 35.1976 55.7423 1
-3.33948 38.0156 57.3165 1
-6.76169 40.9164 58.5366 1
-10.2283 43.8512 59.7743 1
-17.0864 47.3214 58.4704 1
102.15 -57.9322 7.06715 1
98.7794 -55.7702 7.23369 1
95.4061 -53.5878 7.42084 1
91.9955 -51.3876 7.61228 1
88.5552 -49.1692 7.80535 1
85.0835 -46.9321 8.00012 1
81.5981 -44.6739 8.19611 1
78.0592 -42.397 8.39453 1
74.5036 -40.0977 8.59431 1
70.9103 -37.7765 8.79611 1
67.2116 -35.4429 8.91738 1
63.4364 -33.089 9.00037 1
59.634 -30.7076 9.08355 1
55.773 -28.3002 9.16842 1
51.9284 -25.8572 9.32272 1
48.0242 -23.3868 9.45773 1
44.0901 -20.886 9.6202 1
40.0419 -18.3596 9.69466 1
35.8529 -15.8042 9.69595 1
31.5557 -13.216 9.62803 1
27.1338 -10.5922 9.4911 1
26.2471 -7.82438 13.1392 1
26.548 -5.06337 17.9637 1
26.4055 -2.35721 22.2531 1
25.3074 0.309281 25.5325 1
23.1114 2.96661 27.6863 1
20.315 5.63728 29.2493 1
16.2388 8.35819 29.6264 1
12.1022 11.1182 30.0084 1
10.4793 13.7954 32.7733 1
9.8106 16.4112 36.3831 1
8.78029 19.0265 39.6448 1
7.76111 21.6255 42.8707 1
6.47063 24.2307 45.839 1
5.11081 26.8312 48.7463 1
3.5695 29.4426 51.4829 1
1.54528 32.1004 53.8054 1
-0.720127 34.7903 55.9445 1
-3.84518 37.5933 57.415 1
-7.30646 40.4648 58.6434 1
-10.9486 43.3879 59.7824 1
-18.4328 46.9072 58.0604 1
102.867 -57.1395 7.07307 1
99.4856 -55.0088 7.2389 1
96.0821 -52.8599 7.42506 1
92.6412 -50.6929 7.61628 1
89.1886 -48.506 7.80861 1
85.6855 -46.3022 8.00321 1
82.1679 -44.0772 8.19905 1
78.6154 -41.832 8.39677 1
75.0264 -39.5659 8.59644 1
71.4074 -37.2785 8.79458 1
67.6533 -34.981 8.87881 1
63.8555 -32.6597 8.96412 1
60.0186 -30.3109 9.05018 1
56.1318 -27.935 9.13757 1
52.2643 -25.5235 9.29874 1
48.325 -23.0871 9.43674 1
44.3763 -20.6183 9.60346 1
40.2774 -18.1251 9.68052 1
36.0736 -15.6021 9.68699 1
31.7433 -13.0469 9.62996 1
27.2767 -10.4568 9.49248 1
26.2643 -7.72656 13.0332 1
26.5592 -4.99838 17.9022 1
26.4177 -2.32492 22.2294 1
25.3074 0.309281 25.5325 1
23.0967 2.93427 27.6953 1
20.231 5.57319 29.2615 1
16.1328 8.26164 29.6423 1
11.961 10.989 30.0274 1
10.4447 13.6284 32.9264 1
9.74333 16.2123 36.5504 1
8.70633 18.7951 39.8273 1
7.66555 21.3617 43.0773 1
6.33577 23.936 46.0545 1
4.9625 26.5047 48.9829 1
3.33298 29.0903 51.6764 1
1.28262 31.7162 54.0212 1
-1.04078 34.3774 56.1454 1
-4.34309 37.1669 57.5109 1
-7.85253 40.0078 58.7501 1
-12.1724 42.9882 59.4066 1
-19.7695 46.4845 57.6521 1
103.582 -56.3428 7.07918 1
100.172 -54.2455 7.24473 1
96.7382 -52.1299 7.43 1
93.2854 -49.9943 7.62048 1
89.8019 -47.8408 7.81261 1
86.2862 -45.6686 8.00648 1
82.7366 -43.4769 8.20216 1
79.1706 -41.2636 8.39917 1
75.5482 -39.0309 8.59872 1
71.8702 -36.7809 8.75364 1
68.0943 -34.516 8.84015 1
64.2718 -32.2261 8.92784 1
60.4007 -29.9101 9.01677 1
56.4969 -27.5664 9.11493 1
52.6015 -25.1884 9.27467 1
48.6351 -22.7842 9.41518 1
44.6508 -20.3485 9.58708 1
40.5345 -17.8881 9.66558 1
36.2941 -15.3985 9.67798 1
31.9431 -12.8765 9.63215 1
27.4435 -10.3198 9.49439 1
26.2814 -7.62739 12.9399 1
26.5708 -4.93297 17.8286 1
26.4299 -2.29213 22.2059 1
25.3074 0.309281 25.5325 1
23.0682 2.90168 27.7143 1
20.1685 5.5083 29.2713 1
16.0269 8.16424 29.6582 1
11.8081 10.8588 30.0476 1
10.4083 13.4597 33.0889 1
9.67604 16.0119 36.7177 1
8.62628 18.5611 40.0268 1
7.56689 21.0951 43.2915 1
6.20082 23.6389 46.2697 1
4.8184 26.175 49.2112 1
3.1027 28.7343 51.8633 1
1.03159 31.3286 54.225 1
-1.3556 33.9613 56.3417 1
-4.82213 36.7349 57.6011 1
-8.37971 39.5452 58.851 1
-13.3803 42.5795 59.0344 1
104.278 -55.5442 7.08592 1
100.849 -53.4802 7.25088 1
97.4001 -51.3942 7.43496 1
93.928 -49.2921 7.62486 1
90.4139 -47.1719 7.81679 1
86.8856 -45.0315 8.00992 1
83.304 -42.8732 8.20544 1
79.7054 -40.6934 8.4023 1
76.0691 -38.4926 8.60115 1
72.3237 -36.2814 8.71305 1
68.5148 -34.0492 8.80237 1
64.6696 -31.792 8.8924 1
60.773 -29.5077 8.98374 1
56.8505 -27.1951 9.09287 1
52.927 -24.8509 9.25109 1
48.9241 -22.4799 9.39479 1
44.9134 -20.0768 9.57105 1
40.7695 -17.65 9.65137 1
36.4919 -15.1938 9.66932 1
32.1304 -12.7047 9.63404 1
27.5861 -10.1821 9.49573 1
26.2988 -7.52782 12.8341 1
26.5822 -4.86673 17.7673 1
26.4451 -2.25915 22.1734 1
25.3074 0.309281 25.5325 1
23.0397 2.86879 27.7333 1
20.1061 5.44284 29.281 1
15.9209 8.06582 29.6742 1
11.6777 10.7272 30.0656 1
10.3737 13.2899 33.2418 1
9.61481 15.8101 36.8676 1
8.55226 18.326 40.209 1
7.47427 20.8277 43.4901 1
6.07383 23.3396 46.4697 1
4.67421 25.8427 49.4392 1
2.86573 28.3756 52.0565 1
0.77489 30.9368 54.434 1
-1.7719 33.5528 56.4563 1
-5.32221 36.2994 57.6967 1
-8.90809 39.0775 58.9517 1
-14.5717 42.1605 58.6657 1
104.971 -54.7418 7.09283 1
101.521 -52.7091 7.25736 1
98.0455 -50.6586 7.44046 1
94.5508 -48.588 7.62996 1
91.0244 -46.4995 7.82114 1
87.4649 -44.3925 8.01408 1
83.8704 -42.2661 8.20887 1
80.2392 -40.1198 8.40558 1
76.5528 -37.9554 8.58239 1
72.7678 -35.78 8.67282 1
68.9345 -33.5793 8.7645 1
65.0646 -31.3538 8.85692 1
61.1448 -29.1026 8.95064 1
57.2054 -26.8224 9.07073 1
53.2521 -24.5109 9.22748 1
49.2335 -22.1727 9.37322 1
45.1873 -19.8031 9.55459 1
41.0042 -17.4101 9.63712 1
36.712 -14.987 9.66023 1
32.3176 -12.5317 9.63591 1
27.7411 -10.0434 9.49734 1
26.3162 -7.42725 12.7404 1
26.594 -4.79995 17.6943 1
26.4545 -2.22583 22.1589 1
25.3074 0.309281 25.5325 1
23.0249 2.83565 27.7423 1
20.0436 5.37678 29.2908 1
15.815 7.96656 29.6902 1
11.5356 10.5947 30.0847 1
10.3407 13.1193 33.3851 1
9.54744 15.6062 37.0346 1
8.4782 18.0889 40.3911 1
7.35921 20.5589 43.6793 1
5.93871 23.0376 46.6847 1
4.52992 25.5076 49.6671 1
2.63399 28.0145 52.2443 1
0.493639 30.5453 54.6131 1
-2.21618 33.1442 56.5392 1
-5.80337 35.8582 57.7866 1
-9.43769 38.605 59.0523 1
-15.7747 41.7366 58.2941 1
105.645 -53.9375 7.10036 1
102.176 -51.9382 7.26431 1
98.6786 -49.9192 7.4465 1
95.1538 -47.882 7.63577 1
91.6151 -45.8252 7.82621 1
88.0242 -43.7516 8.01897 1
84.4166 -41.6572 8.21303 1
80.7529 -39.5444 8.4096 1
77.0173 -37.4181 8.5398 1
73.2086 -35.2741 8.63257 1
69.3535 -33.1063 8.72655 1
65.461 -30.914 8.82131 1
61.5159 -28.6948 8.91746 1
57.5579 -26.4461 9.04868 1
53.5656 -24.1686 9.20436 1
49.5218 -21.8641 9.35281 1
45.4508 -19.5283 9.53845 1
41.2388 -17.1684 9.62284 1
36.9094 -14.7793 9.6515 1
32.4923 -12.3572 9.63748 1
27.8952 -9.90318 9.49891 1
26.3339 -7.32584 12.6348 1
26.6055 -4.73273 17.6331 1
26.4697 -2.19231 22.1265 1
25.3074 0.309281 25.5325 1
22.9964 2.80218 27.7613 1
19.9812 5.31017 29.3005 1
15.7309 7.86613 29.7036 1
11.3943 10.4606 30.1039 1
10.306 12.947 33.5378 1
9.48613 15.4012 37.1843 1
8.40409 17.8498 40.5731 1
7.24557 20.2878 43.8577 1
5.81156 22.7334 46.8843 1
4.38556 25.1699 49.8948 1
2.40301 27.6491 52.4309 1
0.214602 30.1513 54.7846 1
-2.65049 32.7305 56.6188 1
-6.28537 35.4124 57.8765 1
-9.94829 38.1262 59.1471 1
-16.9365 41.2995 57.9326 1
106.317 -53.1295 7.10805 1
102.82 -51.1635 7.27172 1
99.3103 -49.1761 7.45272 1
95.7737 -47.1707 7.64123 1
92.1861 -45.1491 7.83199 1
88.5825 -43.1074 8.02401 1
84.9429 -41.0465 8.21791 1
81.258 -38.9671 8.40371 1
77.4811 -36.8775 8.49713 1
73.6402 -34.7664 8.59267 1
69.7718 -32.6305 8.68852 1
65.8458 -30.4712 8.78613 1
61.8775 -28.2854 8.88466 1
57.8916 -26.0694 9.02763 1
53.8804 -23.825 9.18115 1
49.8097 -21.5534 9.33239 1
45.7126 -19.2507 9.52231 1
41.4731 -16.9251 9.60852 1
37.1291 -14.5695 9.64234 1
32.6792 -12.1817 9.63931 1
28.0376 -9.76236 9.5002 1
26.3515 -7.22318 12.5419 1
26.6172 -4.66483 17.572 1
26.4791 -2.15848 22.112 1
25.3074 0.309281 25.5325 1
22.9816 2.76852 27.7702 1
19.9188 5.24298 29.3103 1
15.6249 7.76519 29.7197 1
11.2639 10.3253 30.122 1
10.2712 12.7732 33.6903 1
9.42188 15.194 37.3421 1
8.32995 17.609 40.7549 1
7.13567 20.0151 44.029 1
5.68434 22.427 47.0838 1
4.24912 24.83 50.1072 1
2.17724 27.2812 52.6119 1
-0.0709761 29.7534 54.9606 1
-3.09457 32.3123 56.7007 1
-6.74821 34.9613 57.9608 1
-10.46 37.6429 59.2417 1
-18.1302 40.8587 57.5619 1
106.972 -52.3192 7.11914 1
103.462 -50.3852 7.2793 1
99.9224 -48.4313 7.45964 1
96.3557 -46.4593 7.64792 1
92.7743 -44.4679 7.83739 1
89.1396 -42.4598 8.02922 1
85.479 -40.4326 8.22258 1
81.7332 -38.3918 8.35915 1
77.9247 -36.335 8.45531 1
74.071 -34.2557 8.5527 1
70.1698 -32.1529 8.65136 1
66.219 -30.0257 8.75138 1
62.2365 -27.8723 8.85184 1
58.2341 -25.6892 9.00607 1
54.1836 -23.479 9.15843 1
50.0766 -21.2413 9.31313 1
45.9641 -18.972 9.50648 1
41.6956 -16.68 9.59456 1
37.3262 -14.3588 9.63353 1
32.8547 -12.0052 9.64086 1
28.1798 -9.6205 9.50148 1
26.3692 -7.1201 12.4484 1
26.6289 -4.59639 17.511 1
26.4944 -2.12441 22.0796 1
25.3074 0.309281 25.5325 1
22.953 2.73458 27.7892 1
19.8564 5.17523 29.3201 1
15.5296 7.66337 29.7345 1
11.1334 10.1889 30.1401 1
10.2383 12.5982 33.8325 1
9.35733 14.986 37.5006 1
8.2618 17.3666 40.9195 1
7.02138 19.7407 44.2082 1
5.56505 22.1184 47.268 1
4.10889 24.4867 50.3264 1
1.96313 26.9103 52.781 1
-0.343158 29.3518 55.1261 1
-3.52175 31.8907 56.7777 1
-7.23208 34.5071 58.0506 1
-11.2854 37.1923 59.0944 1
-19.2875 40.4072 57.2003 1
107.632 -51.5034 7.14146 1
104.084 -49.6051 7.28748 1
100.533 -47.683 7.46673 1
96.9547 -45.7428 7.65425 1
93.3351 -43.7866 7.84369 1
89.6877 -41.8105 8.03477 1
85.9956 -39.8168 8.2172 1
82.1995 -37.8146 8.31492 1
78.3677 -35.7894 8.41341 1
74.4817 -33.7431 8.51358 1
70.5672 -31.6724 8.61412 1
66.6026 -29.5775 8.71604 1
62.5769 -27.4587 8.81986 1
58.5651 -25.3066 8.9851 1
54.4865 -23.1308 9.13567 1
50.3639 -20.9264 9.29268 1
46.2153 -18.6915 9.49062 1
41.9192 -16.434 9.58053 1
37.5231 -14.1467 9.62468 1
33.0233 -11.8274 9.63615 1
28.3221 -9.47769 9.50274 1
26.3871 -7.0157 12.3557 1
26.6408 -4.52738 17.45 1
26.5068 -2.09013 22.0561 1
25.3074 0.309281 25.5325 1
22.9382 2.70032 27.7981 1
19.7939 5.107 29.3299 1
15.4349 7.56038 29.7493 1
11.0029 10.0514 30.1583 1
10.2052 12.4223 33.9754 1
9.29591 14.7762 37.65 1
8.18761 17.1223 41.1011 1
6.9113 19.4639 44.3792 1
5.43766 21.8073 47.4672 1
3.93501 24.1446 50.507 1
1.73693 26.5366 52.9618 1
-0.615631 28.947 55.2916 1
-3.94771 31.4639 56.8538 1
-7.69693 34.0472 58.1345 1
-12.3347 36.7615 58.7637 1
108.273 -50.6861 7.16397 1
104.705 -48.8216 7.29582 1
101.124 -46.9329 7.47452 1
97.5342 -45.0246 7.66127 1
93.8918 -43.1003 7.85031 1
90.224 -41.1579 8.04084 1
86.4702 -39.2034 8.17116 1
82.6622 -37.2328 8.27068 1
78.8016 -35.242 8.37185 1
74.9027 -33.2276 8.47388 1
70.9552 -31.1902 8.57725 1
66.9658 -29.1277 8.68158 1
62.9258 -27.0416 8.78734 1
58.8975 -24.9226 8.96404 1
54.789 -22.7804 9.11288 1
50.6302 -20.6104 9.27341 1
46.4663 -18.409 9.47472 1
42.1413 -16.1856 9.5665 1
37.7198 -13.9331 9.6158 1
33.1902 -11.6489 9.62869 1
28.4642 -9.3338 9.50399 1
26.4051 -6.91086 12.2624 1
26.6527 -4.45794 17.3891 1
26.5192 -2.05535 22.0328 1
25.3074 0.309281 25.5325 1
22.9097 2.66578 27.8171 1
19.7314 5.03806 29.3397 1
15.3508 7.45658 29.7629 1
10.8724 9.91265 30.1765 1
10.1722 12.2448 34.1174 1
9.23764 14.5648 37.7902 1
8.11273 16.8767 41.2595 1
6.80116 19.185 44.5501 1
5.31822 21.4942 47.6511 1
3.73984 23.8027 50.6599 1
1.52238 26.1598 53.1307 1
-0.888417 28.5389 55.457 1
-4.36561 31.0333 56.9273 1
-8.1426 33.5823 58.2127 1
-13.3952 36.3271 58.4296 1
108.911 -49.8657 7.18458 1
105.307 -48.0364 7.30476 1
101.715 -46.1795 7.48248 1
98.0944 -44.3046 7.669 1
94.4396 -42.4124 7.85728 1
90.7321 -40.5053 8.02442 1
86.9361 -38.5882 8.12547 1
83.1079 -36.6505 8.22721 1
79.2321 -34.6902 8.33028 1
75.3012 -32.7092 8.43509 1
71.3404 -30.7041 8.54035 1
67.3285 -28.6753 8.64705 1
63.2632 -26.6219 8.75526 1
59.2185 -24.5363 8.94357 1
55.0799 -22.4278 9.09058 1
50.8962 -20.2922 9.25411 1
46.707 -18.1256 9.45915 1
42.3531 -15.9363 9.5528 1
37.9058 -13.7186 9.60707 1
33.3452 -11.4692 9.62139 1
28.6062 -9.18893 9.50522 1
26.4232 -6.80494 12.1699 1
26.6646 -4.38793 17.3283 1
26.5287 -2.02052 22.0185 1
25.3074 0.309281 25.5325 1
22.8948 2.63107 27.826 1
19.669 4.96877 29.3495 1
15.2448 7.35233 29.7791 1
10.7419 9.77297 30.1948 1
10.1409 12.0663 34.2498 1
9.17617 14.352 37.9393 1
8.0337 16.6297 41.4261 1
6.69524 18.9039 44.7127 1
5.1987 21.1788 47.8349 1
3.53899 23.4575 50.8179 1
1.30762 25.7803 53.2995 1
-1.14776 28.1274 55.6119 1
-4.78438 30.5992 57.0007 1
-8.60935 33.1141 58.2964 1
-14.4136 35.8809 58.1059 1
109.523 -49.0454 7.19604 1
105.907 -47.2478 7.31384 1
102.285 -45.4244 7.49112 1
98.6534 -43.5815 7.67688 1
94.9788 -41.7229 7.86459 1
91.2089 -39.8553 7.97685 1
87.4012 -37.9697 8.07969 1
83.5501 -36.0638 8.18373 1
79.6455 -34.138 8.28949 1
75.7098 -32.1879 8.39573 1
71.7163 -30.2163 8.50382 1
67.6818 -28.2213 8.61288 1
63.5945 -26.2003 8.72781 1
59.5254 -24.1479 8.92036 1
55.3723 -22.074 9.06819 1
51.162 -19.9721 9.23481 1
46.9448 -17.8396 9.44205 1
42.5761 -15.6854 9.53868 1
38.0904 -13.5022 9.5983 1
33.5109 -11.2879 9.61387 1
28.7481 -9.04311 9.50643 1
26.4415 -6.69838 12.0768 1
26.6767 -4.31731 17.2675 1
26.5442 -1.98526 21.9862 1
25.3074 0.309281 25.5325 1
22.8662 2.5961 27.8449 1
19.6065 4.89888 29.3593 1
15.1608 7.24694 29.7927 1
10.6414 9.63142 30.2299 1
10.1077 11.8867 34.3925 1
9.11754 14.1382 38.0803 1
7.95499 16.3804 41.5915 1
6.58873 18.6216 44.8763 1
5.0791 20.8613 48.0185 1
3.34988 23.1098 50.9641 1
1.09264 25.3978 53.4681 1
-1.41359 27.7121 55.7713 1
-5.20387 30.1606 57.0739 1
-9.05691 32.6408 58.3744 1
-15.443 35.4312 57.779 1
110.127 -48.2235 7.20771 1
106.488 -46.4576 7.32352 1
102.855 -44.666 7.49993 1
99.2038 -42.8567 7.68509 1
95.4807 -41.0353 7.82487 1
91.6848 -39.2021 7.92921 1
87.8469 -37.3494 8.03473 1
83.9756 -35.4766 8.14101 1
80.0556 -33.5815 8.24868 1
76.0986 -31.6649 8.35723 1
72.0917 -29.7259 8.46721 1
68.0324 -27.7636 8.57871 1
63.9302 -25.7759 8.70621 1
59.8333 -23.7583 8.89648 1
55.6532 -21.718 9.04629 1
51.4275 -19.6501 9.21549 1
47.1836 -17.5527 9.42471 1
42.7759 -15.4328 9.52531 1
38.276 -13.285 9.58951 1
33.6656 -11.1058 9.60651 1
28.866 -8.89669 9.50709 1
26.4596 -6.59081 11.9964 1
26.6886 -4.24627 17.2186 1
26.5537 -1.94994 21.9719 1
25.3074 0.309281 25.5325 1
22.8514 2.56073 27.8538 1
19.5441 4.82854 29.3692 1
15.0767 7.1408 29.8064 1
10.6189 9.48593 30.3368 1
10.0764 11.7059 34.5247 1
9.05918 13.9224 38.2202 1
7.8858 16.1301 41.7323 1
6.48267 18.3366 45.0387 1
4.95941 20.5415 48.202 1
3.15511 22.7591 51.1155 1
0.883953 25.0121 53.6301 1
-1.76379 27.3024 55.853 1
-5.60404 29.7175 57.1416 1
-9.50541 32.1631 58.4521 1
-16.4525 34.9723 57.4572 1
110.719 -47.3984 7.21972 1
107.072 -45.6633 7.33934 1
103.424 -43.9045 7.50888 1
99.7268 -42.1321 7.67083 1
95.9597 -40.3488 7.77578 1
92.1416 -38.547 7.88238 1
88.2917 -36.726 7.98969 1
84.3975 -34.885 8.09829 1
80.4676 -33.0234 8.20772 1
76.4868 -31.1392 8.31864 1
72.4579 -29.2339 8.43096 1
68.3738 -27.3045 8.5449 1
64.2655 -25.3491 8.68461 1
60.1389 -23.3655 8.87263 1
55.9338 -21.36 9.02435 1
51.6832 -19.3269 9.19671 1
47.411 -17.264 9.40799 1
42.9768 -15.1794 9.51187 1
38.4603 -13.0658 9.58068 1
33.8202 -10.9226 9.59912 1
29.0078 -8.74902 9.50828 1
26.4778 -6.48253 11.916 1
26.7008 -4.17456 17.1579 1
26.5663 -1.91431 21.9486 1
25.3074 0.309281 25.5325 1
22.8228 2.52524 27.8727 1
19.4817 4.75761 29.3791 1
14.9707 7.03415 29.8227 1
10.5948 9.33954 30.4543 1
10.045 11.524 34.6569 1
9.00048 13.7058 38.3609 1
7.81005 15.878 41.8897 1
6.38032 18.0502 45.1939 1
4.84769 20.2199 48.3703 1
2.96563 22.4063 51.2614 1
0.673946 24.6245 53.7932 1
-2.12845 26.8918 55.9138 1
-6.0049 29.271 57.2092 1
-9.93459 31.6804 58.5241 1
-17.4676 34.5075 57.1334 1
111.309 -46.57 7.23184 1
107.637 -44.8675 7.35524 1
103.97 -43.1422 7.51353 1
100.213 -41.4095 7.62 1
96.4272 -39.659 7.72709 1
92.5975 -37.8887 7.83546 1
88.7357 -36.0995 7.94457 1
84.8215 -34.2919 8.0554 1
80.8682 -32.4625 8.16718 1
76.866 -30.6119 8.28041 1
72.8128 -28.7393 8.39514 1
68.706 -26.8439 8.51146 1
64.5915 -24.9209 8.66349 1
60.435 -22.9714 8.84921 1
56.2141 -20.9999 9.00239 1
51.937 -19.0011 9.17799 1
47.6383 -16.9736 9.39125 1
43.1878 -14.9238 9.49804 1
38.6339 -12.8459 9.572 1
33.9639 -10.7387 9.59189 1
29.1255 -8.60077 9.50891 1
26.4962 -6.37339 11.8357 1
26.7129 -4.10216 17.1096 1
26.5788 -1.87833 21.9254 1
25.3074 0.309281 25.5325 1
22.8079 2.48948 27.8816 1
19.4192 4.68629 29.3889 1
14.8866 6.92639 29.8364 1
10.5736 9.19235 30.5511 1
10.0154 11.3408 34.7787 1
8.94494 13.4875 38.4925 1
7.73424 15.6242 42.047 1
6.27789 17.7619 45.349 1
4.72784 19.896 48.5535 1
2.78142 22.0516 51.4019 1
0.470241 24.2338 53.9497 1
-2.49174 26.4765 55.9738 1
-6.40653 28.8208 57.2767 1
-10.3646 31.194 58.5959 1
-18.4638 34.0341 56.8139 1
111.871 -45.7426 7.2291 1
108.182 -44.0729 7.34329 1
104.459 -42.3866 7.46128 1
100.691 -40.6851 7.56948 1
96.8938 -38.966 7.67832 1
93.045 -37.2287 7.78887 1
89.1606 -35.4713 7.90027 1
85.234 -33.6957 8.01293 1
81.2573 -31.8986 8.12706 1
77.2339 -30.0818 8.24259 1
73.167 -28.2421 8.35924 1
69.0463 -26.3799 8.47751 1
64.9061 -24.4904 8.64295 1
60.7215 -22.5761 8.82619 1
56.4736 -20.6386 8.98138 1
52.1811 -18.6742 9.15981 1
47.8653 -16.6815 9.37451 1
43.3769 -14.6674 9.48494 1
38.8073 -12.6247 9.56329 1
34.1183 -10.5532 9.58444 1
29.2672 -8.45123 9.51007 1
26.5146 -6.26361 11.7556 1
26.7252 -4.02951 17.049 1
26.5884 -1.84212 21.9112 1
25.3074 0.309281 25.5325 1
22.793 2.45342 27.8905 1
19.3784 4.61415 29.3963 1
14.8026 6.81793 29.8502 1
10.5494 9.0443 30.6684 1
9.98397 11.1564 34.9107 1
8.88936 13.268 38.624 1
7.6649 15.3691 42.1875 1
6.17916 17.4722 45.497 1
4.61595 19.5702 48.7215 1
2.59804 21.6935 51.5412 1
0.26633 23.8404 54.106 1
-2.8468 26.0581 56.0312 1
-6.80003 28.367 57.3415 1
-10.9162 30.7156 58.574 1
-19.4462 33.5542 56.4976 1
112.367 -44.9251 7.15207 1
108.664 -43.2867 7.2642 1
104.944 -41.6284 7.40544 1
101.168 -39.9575 7.51887 1
97.3489 -38.2699 7.62996 1
93.4812 -36.5656 7.74268 1
89.577 -34.8414 7.8563 1
85.6273 -33.0979 7.97128 1
81.6377 -31.3333 8.08728 1
77.6012 -29.5491 8.2047 1
73.5014 -27.7434 8.32421 1
69.3667 -25.9144 8.44443 1
65.2203 -24.0577 8.6224 1
61.0168 -22.1777 8.80259 1
56.7328 -20.2754 8.96033 1
52.425 -18.3455 9.14161 1
48.0809 -16.3878 9.35838 1
43.5876 -14.4088 9.47104 1
38.9806 -12.4022 9.55455 1
34.2726 -10.3667 9.57697 1
29.3848 -8.30117 9.51067 1
26.5332 -6.15288 11.6755 1
26.7374 -3.95639 17.0003 1
26.604 -1.80581 21.879 1
25.3074 0.309281 25.5325 1
22.7644 2.4172 27.9094 1
19.316 4.5418 29.4063 1
14.7185 6.70879 29.864 1
10.5281 8.89524 30.7651 1
9.95421 10.9713 35.0332 1
8.83375 13.0469 38.7554 1
7.58899 15.1122 42.3446 1
6.08089 17.18 45.6437 1
4.50399 19.2424 48.8894 1
2.41995 21.3334 51.6751 1
0.0620495 23.4453 54.2405 1
-3.20252 25.6367 56.0885 1
-7.19207 27.9082 57.4056 1
-11.7925 30.2639 58.2889 1
112.865 -44.1033 7.08026 1
109.14 -42.4983 7.17664 1
105.398 -40.8731 7.31417 1
101.626 -39.2281 7.46906 1
97.7886 -37.5734 7.5823 1
93.9165 -35.8996 7.69641 1
89.9898 -34.2073 7.81233 1
86.0277 -32.4961 7.92915 1
82.0095 -30.7663 8.04784 1
77.9488 -29.0149 8.16767 1
73.8438 -27.2412 8.28867 1
69.6865 -25.4466 8.41128 1
65.5233 -23.6227 8.60244 1
61.2916 -21.7782 8.77993 1
56.9917 -19.9102 8.93926 1
52.6686 -18.015 9.12341 1
48.2978 -16.0931 9.34216 1
43.7763 -14.1495 9.45788 1
39.1538 -12.1784 9.54578 1
34.4041 -10.1795 9.56984 1
29.5023 -8.15022 9.51126 1
26.5519 -6.0415 11.5955 1
26.7497 -3.88267 16.9522 1
26.6137 -1.76915 21.8648 1
25.3074 0.309281 25.5325 1
22.7495 2.38074 27.9182 1
19.2536 4.46897 29.4162 1
14.6345 6.59879 29.8778 1
10.5068 8.74558 30.8618 1
9.92457 10.7848 35.1548 1
8.77811 12.8247 38.8868 1
7.51953 14.8539 42.4849 1
5.97825 16.8862 45.7985 1
4.39626 18.9123 49.049 1
2.24168 20.971 51.8089 1
-0.168505 23.0487 54.3752 1
-3.55881 25.2116 56.1456 1
-7.57589 27.4467 57.467 1
-12.6783 29.8092 58.0011 1
